9  55.00  0.00  1801.00
39  55.00  0.00  299.00
Valor: 67.00
39  -12.00  67.00  1801.00
Valor: 67.07
66.75
66.50
66.25
66.00
65.50
65.25
65.00
64.56
64.00
63.50
63.25
63.00
62.75
62.25
61.75
60.50
60.25
60.00
59.50
59.00
58.75
58.25
58.00
57.50
57.25
57.00
56.50
56.00
55.50
55.25
55.00
54.50
39  -12.07  54.50  4302.00
Valor: 54.26
54.25
3  0.74  54.25  60303.00
Valor: 54.56
1  0.44  54.56  65285.00
Valor: 55.06
0  -0.06  55.06  68508.00
Valor: 55.56
55.25
2  -0.56  55.25  71010.00
Valor: 54.76
54.50
1  0.24  54.50  76478.00
Valor: 55.06
0  -0.06  55.06  80702.00
Valor: 55.06
0  -0.06  55.06  83439.00
Valor: 55.06
0  -0.06  55.06  86460.00
Valor: 55.06
0  -0.06  55.06  89547.00
Valor: 55.06
0  -0.06  55.06  92547.00
Valor: 55.06
0  -0.06  55.06  95499.00
Valor: 55.06
0  -0.06  55.06  98473.00
Valor: 55.06
0  -0.06  55.06  101464.00
Valor: 55.06
0  -0.06  55.06  104467.00
Valor: 55.06
0  -0.06  55.06  107450.00
