00  1801.00
39  55.00  0.00  299.00
Valor: 70.75
39  -15.75  70.75  1801.00
Valor: 70.76
70.75
70.50
70.07
69.75
69.50
69.00
68.75
68.50
68.00
67.75
67.50
67.00
66.75
66.25
66.00
65.50
65.25
64.76
64.25
64.00
63.75
63.50
63.25
62.75
62.56
62.00
62.00
61.50
61.00
60.75
60.50
60.25
59.75
59.50
59.25
59.00
58.75
58.25
39  -15.76  58.25  4303.00
Valor: 58.06
57.75
57.25
57.00
56.75
56.25
56.00
55.50
55.25
55.00
54.75
54.50
54.25
12  -3.06  54.25  67927.00
Valor: 53.76
53.50
53.75
54.25
5  1.24  54.25  89068.00
Valor: 54.56
55.00
1  0.44  55.00  96732.00
Valor: 55.26
1  -0.26  55.26  100955.00
Valor: 55.26
54.75
1  -0.26  54.75  104496.00
Valor: 54.55
1  0.45  54.55  109861.00
Valor: 54.26
54.75
3  0.74  54.75  113084.00
Valor: 55.26
55.50
1  -0.26  55.50  119012.00
Valor: 55.26
55.00
1  -0.26  55.00  123543.00
Valor: 54.55
54.25
1  0.45  54.25  128074.00
Valor: 54.76
0  0.24  54.76  132296.00
Valor: 54.76
0  0.24  54.76  134875.00
Valor: 54.76
0  0.24  54.76  137920.00
Valor: 54.76
0  0.24  54.76  140928.00
Valor: 54.76
0  0.24  54.76  143891.00
Valor: 54.76
0  0.24  54.76  146814.00
Valor: 54.76
0  0.24  54.76  149831.00
Valor: 54.76
0  0.24  54.76  153136.00
Valor: 54.76
0  0.24  54.76  156107.00
