39  55.00  0.00  299.00
Valor: 70.00
39  -15.00  70.00  1801.00
Valor: 69.76
69.50
69.00
68.75
68.25
68.00
67.75
67.25
67.00
66.75
66.50
66.00
65.75
65.50
65.00
64.75
64.25
63.75
63.50
63.25
62.75
62.56
62.25
62.00
61.50
61.00
60.75
60.50
60.25
60.00
59.56
59.25
58.75
58.50
58.25
57.75
57.50
57.25
39  -14.76  57.25  4302.00
Valor: 57.06
56.50
56.25
56.00
55.76
55.50
55.00
54.75
54.50
8  -2.06  54.50  66427.00
Valor: 54.05
53.75
54.00
54.25
3  0.95  54.25  82495.00
Valor: 54.55
1  0.45  54.55  89440.00
Valor: 54.76
0  0.24  54.76  92662.00
Valor: 55.26
1  -0.26  55.26  95163.00
Valor: 55.05
0  -0.05  55.05  98965.00
Valor: 54.55
1  0.45  54.55  101468.00
Valor: 54.76
0  0.24  54.76  104741.00
Valor: 55.06
0  -0.06  55.06  107243.00
Valor: 55.26
55.00
1  -0.26  55.00  110233.00
Valor: 54.76
54.50
1  0.24  54.50  115238.00
Valor: 55.06
0  -0.06  55.06  119460.00
Valor: 55.06
0  -0.06  55.06  122189.00
Valor: 54.76
1  0.24  54.76  125246.00
Valor: 55.06
0  -0.06  55.06  129064.00
Valor: 55.56
55.26
2  -0.56  55.26  131566.00
Valor: 54.76
1  0.24  54.76  137773.00
Valor: 54.56
55.00
1  0.44  55.00  140996.00
Valor: 55.26
55.50
1  -0.26  55.50  145218.00
Valor: 55.05
0  -0.05  55.05  149781.00
Valor: 54.76
1  0.24  54.76  152285.00
Valor: 55.06
0  -0.06  55.06  155773.00
Valor: 55.26
55.25
1  -0.26  55.25  158275.00
Valor: 55.05
0  -0.05  55.05  162868.00
Valor: 54.76
1  0.24  54.76  165371.00
Valor: 54.76
0  0.24  54.76  168701.00
Valor: 55.26
55.00
1  -0.26  55.00  171203.00
Valor: 54.76
54.50
1  0.24  54.50  175733.00
Valor: 54.76
0  0.24  54.76  179954.00
Valor: 55.06
0  -0.06  55.06  182456.00
Valor: 55.06
0  -0.06  55.06  185126.00
Valor: 55.06
0  -0.06  55.06  188201.00
Valor: 55.06
0  -0.06  55.06  191171.00
Valor: 55.06
0  -0.06  55.06  194171.00
Valor: 55.06
0  -0.06  55.06  197173.00
Valor: 55.06
0  -0.06  55.06  200072.00
Valor: 55.06
0  -0.06  55.06  203068.00
Valor: 55.06
0  -0.06  55.06  206194.00
Valor: 55.06
0  -0.06  55.06  209266.00
Valor: 55.06
0  -0.06  55.06  212548.00
