0  0.00  1801.00
39  55.00  0.00  299.00
Valor: 69.25
39  -14.25  69.25  1801.00
Valor: 69.26
69.00
69.00
68.50
68.25
68.00
67.50
67.25
67.00
66.75
66.25
66.00
65.50
65.00
64.75
64.50
64.00
63.75
63.26
62.75
62.50
62.25
62.00
61.50
61.25
61.00
60.50
60.00
59.75
59.25
59.00
58.75
58.50
58.25
57.75
57.50
57.25
39  -14.26  57.25  4303.00
Valor: 57.06
56.50
56.25
55.75
55.25
54.75
54.75
8  -2.06  54.75  63993.00
Valor: 54.26
54.00
3  0.74  54.00  76585.00
Valor: 54.26
54.75
2  0.74  54.75  81166.00
Valor: 55.06
0  -0.06  55.06  85390.00
Valor: 55.26
1  -0.26  55.26  88070.00
Valor: 55.05
0  -0.05  55.05  91679.00
Valor: 54.76
1  0.24  54.76  94310.00
Valor: 55.06
0  -0.06  55.06  97809.00
Valor: 55.06
0  -0.06  55.06  100574.00
Valor: 55.06
0  -0.06  55.06  103836.00
Valor: 55.06
0  -0.06  55.06  106988.00
Valor: 55.06
0  -0.06  55.06  110077.00
Valor: 55.06
0  -0.06  55.06  113344.00
Valor: 55.06
0  -0.06  55.06  116624.00
Valor: 55.06
0  -0.06  55.06  119800.00
Valor: 55.06
0  -0.06  55.06  122942.00
