0  0.00  1801.00
39  55.00  0.00  299.00
Valor: 62.75
39  -7.75  62.75  1801.00
Valor: 62.76
62.75
62.25
62.00
61.50
61.25
60.75
60.50
60.25
59.75
59.56
58.75
58.50
58.25
58.00
57.50
57.25
57.00
56.75
56.25
56.00
55.75
55.50
55.00
54.75
54.50
54.25
53.75
53.50
31  -7.76  53.50  4302.00
Valor: 53.05
53.00
53.25
53.75
54.00
7  1.95  54.00  51760.00
Valor: 54.55
1  0.45  54.55  60784.00
Valor: 54.55
1  0.45  54.55  63645.00
Valor: 54.76
0  0.24  54.76  66506.00
Valor: 55.06
0  -0.06  55.06  69007.00
Valor: 55.06
0  -0.06  55.06  71767.00
Valor: 55.06
0  -0.06  55.06  74645.00
Valor: 55.06
0  -0.06  55.06  77620.00
Valor: 55.06
0  -0.06  55.06  80436.00
Valor: 55.06
0  -0.06  55.06  83372.00
Valor: 55.06
0  -0.06  55.06  86264.00
