00  0.00  1801.00
39  55.00  0.00  299.00
Valor: 74.25
39  -19.25  74.25  1801.00
Valor: 74.26
73.75
73.75
73.25
72.75
72.25
72.00
71.75
71.25
71.00
70.50
70.25
69.75
69.25
69.00
68.75
68.25
68.00
67.50
67.00
66.75
66.50
65.75
65.50
65.25
65.00
64.50
64.00
63.50
63.25
62.75
62.50
62.25
62.00
39  -19.26  62.00  4303.00
Valor: 61.26
61.00
60.50
60.00
59.50
59.25
59.00
58.50
58.00
57.75
57.25
57.00
56.50
56.00
55.75
17  -6.26  55.75  59703.00
Valor: 55.56
1  -0.56  55.56  84885.00
Valor: 55.26
0  -0.26  55.26  87968.00
Valor: 55.26
0  -0.26  55.26  90655.00
Valor: 55.26
0  -0.26  55.26  93826.00
Valor: 55.26
0  -0.26  55.26  97026.00
Valor: 55.26
0  -0.26  55.26  100004.00
Valor: 55.26
0  -0.26  55.26  103185.00
Valor: 55.26
0  -0.26  55.26  106158.00
Valor: 55.26
0  -0.26  55.26  109220.00
Valor: 55.26
0  -0.26  55.26  112289.00
Valor: 55.26
0  -0.26  55.26  115365.00
Valor: 55.26
0  -0.26  55.26  118425.00
Valor: 55.26
0  -0.26  55.26  121624.00
Valor: 55.06
0  -0.06  55.06  124732.00
Valor: 55.26
0  -0.26  55.26  127876.00
Valor: 55.26
0  -0.26  55.26  130998.00
Valor: 55.26
0  -0.26  55.26  134116.00
Valor: 55.26
0  -0.26  55.26  137119.00
Valor: 55.26
0  -0.26  55.26  140305.00
Valor: 55.26
0  -0.26  55.26  143551.00
Valor: 55.26
0  -0.26  55.26  146709.00
Valor: 55.06
0  -0.06  55.06  149890.00
Valor: 55.26
0  -0.26  55.26  152948.00
Valor: 55.06
0  -0.06  55.06  155930.00
