 55.00  0.00  1801.00
39  55.00  0.00  299.00
Valor: 71.50
39  -16.50  71.50  1801.00
Valor: 71.57
71.26
70.75
70.00
69.75
69.25
68.75
68.75
68.25
68.00
67.50
67.00
66.75
66.25
66.00
65.50
65.25
64.75
64.50
64.00
63.75
63.25
63.00
62.75
62.25
62.00
61.75
61.50
61.00
60.75
60.25
60.00
59.50
59.25
39  -16.57  59.25  4303.00
Valor: 58.76
58.25
57.75
57.75
57.00
56.50
56.00
55.75
10  -3.76  55.75  60812.00
Valor: 55.56
1  -0.56  55.56  75424.00
Valor: 55.26
0  -0.26  55.26  78446.00
Valor: 55.06
0  -0.06  55.06  80949.00
Valor: 55.26
0  -0.26  55.26  84060.00
Valor: 55.06
0  -0.06  55.06  87028.00
Valor: 55.06
0  -0.06  55.06  90141.00
Valor: 55.06
0  -0.06  55.06  93393.00
Valor: 55.06
0  -0.06  55.06  96638.00
Valor: 55.06
0  -0.06  55.06  99759.00
Valor: 55.26
0  -0.26  55.26  103008.00
Valor: 55.06
0  -0.06  55.06  106163.00
