  55.00  0.00  1801.00
39  55.00  0.00  299.00
Valor: 74.00
39  -19.00  74.00  1801.00
Valor: 74.07
73.75
73.00
72.75
72.25
71.75
71.75
71.25
70.75
70.50
70.25
69.50
69.25
68.75
68.50
68.50
68.00
67.50
67.25
66.75
66.25
66.00
65.75
65.50
65.00
64.50
64.25
64.00
63.50
63.00
62.50
62.25
62.00
61.75
61.50
39  -19.07  61.50  4302.00
Valor: 61.06
60.75
60.00
59.75
59.50
59.00
58.75
58.50
58.00
57.75
57.25
57.00
56.50
56.25
16  -6.06  56.25  61128.00
Valor: 56.06
2  -1.06  56.06  84799.00
Valor: 55.56
1  -0.56  55.56  88332.00
Valor: 55.26
0  -0.26  55.26  91355.00
Valor: 54.76
1  0.24  54.76  93858.00
Valor: 55.06
0  -0.06  55.06  97381.00
Valor: 55.06
0  -0.06  55.06  100204.00
Valor: 55.06
0  -0.06  55.06  103235.00
Valor: 55.06
0  -0.06  55.06  106356.00
Valor: 55.06
0  -0.06  55.06  109495.00
Valor: 55.06
0  -0.06  55.06  112738.00
Valor: 55.06
0  -0.06  55.06  116016.00
Valor: 55.06
0  -0.06  55.06  119010.00
Valor: 55.06
0  -0.06  55.06  121890.00
Valor: 55.06
0  -0.06  55.06  124846.00
Valor: 55.06
0  -0.06  55.06  127962.00
