  55.00  0.00  1801.00
39  55.00  0.00  299.00
Valor: 65.75
39  -10.75  65.75  1801.00
Valor: 65.76
65.76
65.25
65.00
65.00
64.56
64.00
63.75
63.50
63.25
62.75
62.50
62.00
61.75
61.50
61.25
60.75
60.50
60.00
59.50
59.00
58.75
58.50
58.25
58.00
57.50
57.25
57.00
56.76
30  -10.76  56.76  4303.00
Valor: 56.06
2  -1.06  56.06  53007.00
Valor: 55.76
1  -0.76  55.76  56540.00
Valor: 55.56
1  -0.56  55.56  59563.00
Valor: 55.26
0  -0.26  55.26  62585.00
Valor: 54.76
1  0.24  54.76  65087.00
Valor: 55.06
0  -0.06  55.06  67968.00
Valor: 55.26
0  -0.26  55.26  70513.00
Valor: 55.26
0  -0.26  55.26  73363.00
Valor: 55.26
0  -0.26  55.26  76247.00
Valor: 55.26
0  -0.26  55.26  79326.00
Valor: 55.26
0  -0.26  55.26  82393.00
Valor: 55.26
0  -0.26  55.26  85499.00
Valor: 55.26
0  -0.26  55.26  88485.00
Valor: 55.06
0  -0.06  55.06  91442.00
Valor: 55.06
0  -0.06  55.06  94527.00
Valor: 55.06
0  -0.06  55.06  97512.00
Valor: 55.06
0  -0.06  55.06  100524.00
Valor: 55.26
0  -0.26  55.26  103609.00
Valor: 55.26
0  -0.26  55.26  106923.00
Valor: 55.06
0  -0.06  55.06  110004.00
Valor: 55.06
0  -0.06  55.06  112952.00
