  0.00  1801.00
39  55.00  0.00  299.00
Valor: 66.75
39  -11.75  66.75  1801.00
Valor: 66.76
66.75
66.25
65.75
65.50
65.25
65.06
64.50
64.00
63.75
63.50
63.00
62.75
62.25
61.75
61.50
61.25
61.00
60.50
60.25
59.75
59.50
59.25
59.00
58.75
58.50
58.00
57.75
57.50
57.00
32  -11.76  57.00  4303.00
Valor: 56.56
56.25
55.75
55.75
4  -1.56  55.75  53317.00
Valor: 55.56
1  -0.56  55.56  60869.00
Valor: 55.26
0  -0.26  55.26  63891.00
Valor: 55.06
0  -0.06  55.06  66395.00
Valor: 55.06
0  -0.06  55.06  69225.00
Valor: 55.06
0  -0.06  55.06  72202.00
Valor: 55.06
0  -0.06  55.06  75198.00
Valor: 55.06
0  -0.06  55.06  78137.00
Valor: 55.06
0  -0.06  55.06  81178.00
Valor: 55.06
0  -0.06  55.06  84202.00
Valor: 55.06
0  -0.06  55.06  87135.00
Valor: 55.06
0  -0.06  55.06  90089.00
Valor: 55.06
0  -0.06  55.06  93076.00
Valor: 55.06
0  -0.06  55.06  96037.00
Valor: 55.06
0  -0.06  55.06  98992.00
Valor: 55.06
0  -0.06  55.06  101742.00
Valor: 55.06
0  -0.06  55.06  104553.00
Valor: 55.06
0  -0.06  55.06  107383.00
Valor: 55.06
0  -0.06  55.06  110426.00
Valor: 55.06
0  -0.06  55.06  113460.00
Valor: 55.06
0  -0.06  55.06  116534.00
Valor: 55.06
0  -0.06  55.06  119688.00
Valor: 54.76
0  0.24  54.76  122700.00
Valor: 55.05
0  -0.05  55.05  125873.00
