39  62.00  0.00  299.00
Valor: 48.75
39  13.25  48.75  1801.00
Valor: 48.75
49.00
49.75
50.25
50.75
51.25
51.50
51.75
52.00
52.25
52.75
53.75
54.00
54.50
54.50
54.75
55.00
55.25
55.75
56.25
57.00
57.50
57.75
58.00
39  13.25  58.00  4303.00
Valor: 58.26
58.25
58.75
59.25
60.00
60.50
60.75
11  3.74  60.75  43956.00
Valor: 61.06
2  0.94  61.06  56568.00
Valor: 61.56
1  0.44  61.56  59986.00
Valor: 61.56
1  0.44  61.56  62848.00
Valor: 62.06
0  -0.06  62.06  65862.00
Valor: 61.76
0  0.24  61.76  68637.00
Valor: 61.76
0  0.24  61.76  71784.00
Valor: 61.76
0  0.24  61.76  74931.00
Valor: 61.76
0  0.24  61.76  78031.00
Valor: 61.76
0  0.24  61.76  81119.00
Valor: 61.76
0  0.24  61.76  84035.00
Valor: 61.76
0  0.24  61.76  87096.00
Valor: 61.76
0  0.24  61.76  90097.00
Valor: 61.56
1  0.44  61.56  93199.00
Valor: 62.06
0  -0.06  62.06  96641.00
Valor: 62.26
0  -0.26  62.26  99355.00
Valor: 62.26
0  -0.26  62.26  102495.00
Valor: 62.26
0  -0.26  62.26  105575.00
Valor: 62.26
0  -0.26  62.26  108872.00
Valor: 62.26
0  -0.26  62.26  112082.00
