0  0.00  1801.00
39  62.00  0.00  299.00
Valor: 51.25
39  10.75  51.25  1801.00
Valor: 51.26
51.25
51.75
51.75
52.00
52.25
52.75
53.00
53.75
54.00
54.25
54.50
54.50
55.00
55.25
55.75
56.25
56.75
57.25
57.25
57.50
57.75
58.00
58.25
58.75
59.00
59.75
60.00
39  10.74  60.00  4303.00
Valor: 60.56
60.50
60.75
60.75
61.00
5  1.44  61.00  47997.00
Valor: 61.26
2  0.74  61.26  56300.00
Valor: 61.56
1  0.44  61.56  59599.00
Valor: 62.06
0  -0.06  62.06  62460.00
Valor: 62.26
1  -0.26  62.26  65091.00
Valor: 62.06
0  -0.06  62.06  68682.00
Valor: 61.56
1  0.44  61.56  71184.00
Valor: 61.76
0  0.24  61.76  74321.00
Valor: 62.26
1  -0.26  62.26  76822.00
Valor: 61.76
0  0.24  61.76  80315.00
Valor: 61.56
1  0.44  61.56  82892.00
Valor: 61.76
0  0.24  61.76  86287.00
Valor: 61.76
0  0.24  61.76  89001.00
Valor: 62.06
0  -0.06  62.06  92043.00
Valor: 62.06
0  -0.06  62.06  95088.00
Valor: 62.06
0  -0.06  62.06  98132.00
Valor: 62.06
0  -0.06  62.06  101232.00
Valor: 62.06
0  -0.06  62.06  104166.00
Valor: 62.06
0  -0.06  62.06  107234.00
Valor: 62.06
0  -0.06  62.06  110343.00
Valor: 61.76
0  0.24  61.76  113462.00
Valor: 62.06
0  -0.06  62.06  116564.00
Valor: 62.06
0  -0.06  62.06  119490.00
Valor: 62.06
0  -0.06  62.06  122497.00
