39  62.00  0.00  1801.00	P4 D1
39  62.00  0.00  299.00
Valor: 48.75
20  13.25  48.75  1801.00
Valor: 48.75
49.00
49.25
49.50
50.25
51.00
51.00
51.50
51.75
51.75
52.00
52.25
52.75
53.25
54.00
54.25
54.50
54.50
54.75
55.00
55.25
55.75
56.25
56.75
57.25
57.50
57.50
57.75
39  13.25  57.75  4303.00
Valor: 58.06
58.00
58.50
58.50
59.00
59.50
60.25
60.50
60.75
61.00
61.25
15  3.94  61.25  47886.00
Valor: 61.56
1  0.44  61.56  65789.00
Valor: 61.56
1  0.44  61.56  68651.00
Valor: 62.26
1  -0.26  62.26  71587.00
Valor: 61.76
1  0.24  61.76  74763.00
Valor: 62.06
0  -0.06  62.06  77626.00
Valor: 62.06
0  -0.06  62.06  80267.00
Valor: 62.06
0  -0.06  62.06  83318.00
Valor: 62.06
0  -0.06  62.06  86331.00
Valor: 62.06
0  -0.06  62.06  89158.00
Valor: 62.06
0  -0.06  62.06  92056.00
Valor: 62.06
0  -0.06  62.06  95057.00
Valor: 62.06
0  -0.06  62.06  98191.00
Valor: 62.06
0  -0.06  62.06  101254.00
Valor: 62.26
1  -0.26  62.26  104414.00
Valor: 61.76
