.00  0.00  1801.00		P3 D1.5
39  62.00  0.00  299.00
Valor: 48.25
6  13.75  48.25  1801.00
Valor: 48.50
48.75
50.25
51.00
50.75
51.00
51.25
51.50
51.50
52.00
52.00
52.50
53.00
53.75
54.25
54.50
54.50
54.75
54.75
55.00
55.50
56.00
56.75
57.25
57.25
39  13.50  57.25  4302.00
Valor: 57.56
57.75
57.75
58.00
58.25
58.50
59.00
59.50
60.00
60.50
12  4.44  60.50  44849.00
Valor: 60.76
60.75
3  1.24  60.75  60669.00
Valor: 61.06
2  0.94  61.06  65251.00
Valor: 61.56
1  0.44  61.56  68473.00
Valor: 61.76
0  0.24  61.76  71334.00
Valor: 61.76
0  0.24  61.76  73908.00
Valor: 61.76
0  0.24  61.76  76879.00
Valor: 61.76
0  0.24  61.76  80049.00
Valor: 61.76
0  0.24  61.76  83097.00
Valor: 61.76
0  0.24  61.76  86199.00
Valor: 61.76
0  0.24  61.76  89255.00
Valor: 61.76
0  0.24  61.76  92490.00
Valor: 61.76
0  0.24  61.76  95744.00
Valor: 61.76
0  0.24  61.76  98989.00
