  0.00  1801.00			P3.6 D1.5
39  62.00  0.00  299.00
Valor: 49.25
3  12.75  49.25  1801.00
Valor: 49.50
49.50
50.00
50.50
50.75
51.25
51.50
51.75
52.00
52.25
52.75
53.00
53.75
54.00
54.25
54.50
54.50
54.75
55.00
55.50
56.00
56.75
57.00
57.50
57.50
57.75
58.00
39  12.50  58.00  4302.00
Valor: 58.26
58.75
59.25
60.00
60.50
60.75
61.00
61.00
61.25
13  3.74  61.25  46851.00
Valor: 61.56
1  0.44  61.56  62038.00
Valor: 62.06
0  -0.06  62.06  64900.00
Valor: 62.26
1  -0.26  62.26  67577.00
Valor: 61.76
1  0.24  61.76  71129.00
Valor: 62.06
0  -0.06  62.06  74074.00
Valor: 62.06
0  -0.06  62.06  76779.00
Valor: 62.06
0  -0.06  62.06  79734.00
Valor: 62.06
0  -0.06  62.06  82619.00
Valor: 62.06
0  -0.06  62.06  85473.00
Valor: 62.06
0  -0.06  62.06  88406.00
Valor: 62.06
0  -0.06  62.06  91438.00
Valor: 62.06
0  -0.06  62.06  94925.00
