39  62.00  0.00  299.00		P3.3 D1.7
Valor: 52.75
29  9.25  52.75  1801.00
Valor: 52.76
53.25
54.00
54.75
55.00
55.25
56.00
56.75
57.00
57.50
57.50
57.75
58.00
58.25
58.75
59.50
30  9.24  59.50  4302.00
Valor: 60.06
60.50
60.75
5  1.94  60.75  32887.00
Valor: 61.06
2  0.94  61.06  39191.00
Valor: 61.26
2  0.74  61.26  42414.00
Valor: 61.56
1  0.44  61.56  45636.00
Valor: 62.26
1  -0.26  62.26  48497.00
Valor: 62.06
0  -0.06  62.06  51617.00
Valor: 62.06
0  -0.06  62.06  54192.00
Valor: 62.06
0  -0.06  62.06  57299.00
Valor: 62.06
0  -0.06  62.06  60368.00
Valor: 62.06
0  -0.06  62.06  63540.00
Valor: 62.06
0  -0.06  62.06  66713.00
Valor: 62.06
0  -0.06  62.06  69962.00
Valor: 62.06
0  -0.06  62.06  73164.00
Valor: 62.06
0  -0.06  62.06  76297.00
Valor: 62.06
0  -0.06  62.06  79290.00
