39  62.00  0.00  299.00		P3.7 D1.3
Valor: 50.75
2  11.25  50.75  1801.00
Valor: 50.55
51.00
51.25
51.50
51.75
52.25
52.50
53.00
53.75
54.00
54.25
54.50
54.75
55.00
55.75
56.25
56.75
57.25
57.50
57.50
58.00
58.00
58.50
58.75
59.50
39  11.45  59.50  4302.00
Valor: 60.26
60.50
60.75
61.00
6  1.74  61.00  45094.00
Valor: 61.26
2  0.74  61.26  52875.00
Valor: 61.56
1  0.44  61.56  56394.00
Valor: 62.06
0  -0.06  62.06  59255.00
Valor: 62.06
0  -0.06  62.06  62088.00
Valor: 62.06
0  -0.06  62.06  65200.00
Valor: 61.76
1  0.24  61.76  68356.00
Valor: 62.26
1  -0.26  62.26  71824.00
Valor: 62.06
0  -0.06  62.06  75195.00
Valor: 61.76
1  0.24  61.76  77698.00
Valor: 62.06
0  -0.06  62.06  80982.00
Valor: 62.26
1  -0.26  62.26  83683.00
Valor: 62.06
0  -0.06  62.06  87315.00
Valor: 61.76
1  0.24  61.76  89969.00
Valor: 62.06
0  -0.06  62.06  93517.00
Valor: 62.06
0  -0.06  62.06  96244.00
Valor: 62.06
0  -0.06  62.06  99375.00
Valor: 62.06
0  -0.06  62.06  102478.00
Valor: 62.06
0  -0.06  62.06  105637.00
Valor: 62.06
0  -0.06  62.06  108890.00
Valor: 62.06
0  -0.06  62.06  112115.00
Valor: 62.06
0  -0.06  62.06  115268.00
Valor: 62.06
0  -0.06  62.06  118407.00
