39  62.00  0.00  299.00		P3.8 D1
Valor: 50.55
9  11.45  50.55  1801.00
Valor: 50.55
50.75
51.00
51.00
51.25
51.75
52.00
52.25
52.50
53.00
53.50
53.75
54.00
54.25
54.50
54.75
55.25
55.75
56.25
56.75
57.25
57.25
57.50
57.75
58.00
58.25
58.50
39  11.45  58.50  5122.00
Valor: 59.26
59.75
60.25
60.75
60.75
61.00
61.25
10  2.74  61.25  47921.00
Valor: 61.56
1  0.44  61.56  60023.00
Valor: 62.26
1  -0.26  62.26  62941.00
Valor: 61.76
1  0.24  61.76  66173.00
Valor: 61.76
0  0.24  61.76  69043.00
Valor: 62.06
0  -0.06  62.06  71694.00
Valor: 62.06
0  -0.06  62.06  74679.00
Valor: 62.06
0  -0.06  62.06  77798.00
Valor: 62.06
0  -0.06  62.06  80910.00
Valor: 62.06
0  -0.06  62.06  84109.00
Valor: 62.06
0  -0.06  62.06  87173.00
Valor: 62.06
0  -0.06  62.06  90241.00
Valor: 62.06
0  -0.06  62.06  93302.00
Valor: 62.06
0  -0.06  62.06  96370.00
Valor: 62.06
0  -0.06  62.06  99382.00
Valor: 62.06
0  -0.06  62.06  102622.00
