39  55.00  0.00  299.00
39  55.00  0.00  1801.00
Valor: 71.57
71.26
70.75
70.50
70.00
70.00
69.50
69.07
68.75
68.25
68.25
67.76
66.50
66.00
65.75
65.00
64.00
63.75
63.56
63.00
62.50
62.50
61.50
61.00
60.50
60.25
59.76
59.25
59.00
39  -16.57  59.00  3302.00
Valor: 59.06
58.75
58.26
57.75
57.50
57.25
57.00
56.75
56.25
55.75
55.75
55.50
55.25
13  -4.06  55.25  59134.00
Valor: 54.76
1  0.24  54.76  81189.00
Valor: 54.55
1  0.45  54.55  84051.00
Valor: 55.06
0  -0.06  55.06  86913.00
Valor: 55.06
0  -0.06  55.06  89585.00
Valor: 55.06
0  -0.06  55.06  92559.00
Valor: 55.06
0  -0.06  55.06  95574.00
Valor: 55.06
0  -0.06  55.06  98505.00
Valor: 55.06
0  -0.06  55.06  101409.00
Valor: 55.06
0  -0.06  55.06  104382.00
Valor: 55.06
0  -0.06  55.06  107457.00
Valor: 55.06
0  -0.06  55.06  110598.00
Valor: 55.06
0  -0.06  55.06  113682.00
Valor: 55.06
0  -0.06  55.06  116877.00
Valor: 55.06
0  -0.06  55.06  120099.00
