9  55.00  0.00  1801.00
39  55.00  0.00  299.00
Valor: 68.00
39  -13.00  68.00  1801.00
Valor: 68.07
67.25
66.50
65.75
65.25
64.76
64.50
64.25
63.76
63.00
62.75
62.50
62.26
61.75
61.50
61.25
61.00
60.50
60.25
60.06
59.25
59.25
58.75
58.50
58.25
58.00
57.75
57.50
57.25
56.75
56.50
56.00
55.75
39  -13.07  55.75  4302.00
Valor: 55.56
1  -0.56  55.56  62517.00
Valor: 55.26
0  -0.26  55.26  65540.00
Valor: 55.06
0  -0.06  55.06  68043.00
Valor: 55.06
0  -0.06  55.06  70719.00
Valor: 55.06
0  -0.06  55.06  73769.00
Valor: 55.06
0  -0.06  55.06  76789.00
Valor: 55.06
0  -0.06  55.06  79674.00
Valor: 55.06
0  -0.06  55.06  82673.00
Valor: 54.76
1  0.24  54.76  85719.00
Valor: 55.06
0  -0.06  55.06  89156.00
Valor: 55.26
1  -0.26  55.26  91870.00
Valor: 55.05
0  -0.05  55.05  95406.00
Valor: 54.76
1  0.24  54.76  98007.00
Valor: 55.06
0  -0.06  55.06  101386.00
Valor: 55.06
0  -0.06  55.06  104012.00
Valor: 55.06
0  -0.06  55.06  107071.00
Valor: 55.25
0  -0.25  55.25  110555.00
