00  0.00  1801.00
39  55.00  0.00  299.00
Valor: 70.50
39  -15.50  70.50  1801.00
Valor: 70.57
70.25
70.00
69.50
69.00
68.50
68.25
68.00
67.75
67.50
67.00
66.75
66.25
66.00
65.75
65.25
65.06
64.50
64.00
63.75
63.50
63.00
62.56
62.00
61.75
61.50
61.25
60.75
60.56
60.00
59.75
59.50
59.00
59.00
58.50
58.25
39  -15.57  58.25  4303.00
Valor: 57.76
57.56
57.25
56.50
56.25
55.75
55.50
55.25
9  -2.76  55.25  64670.00
Valor: 55.05
0  -0.05  55.05  79766.00
Valor: 54.76
1  0.24  54.76  83170.00
Valor: 54.76
0  0.24  54.76  86355.00
Valor: 55.06
0  -0.06  55.06  88856.00
Valor: 55.06
0  -0.06  55.06  91603.00
Valor: 55.06
0  -0.06  55.06  94428.00
Valor: 55.06
0  -0.06  55.06  97314.00
Valor: 55.06
0  -0.06  55.06  100282.00
Valor: 55.06
0  -0.06  55.06  103298.00
Valor: 55.06
0  -0.06  55.06  106213.00
Valor: 55.06
0  -0.06  55.06  109278.00
Valor: 55.06
0  -0.06  55.06  112331.00
Valor: 55.06
0  -0.06  55.06  115502.00
