39  55.00  0.00  1801.00
39  55.00  0.00  299.00
Valor: 56.25
39  -1.25  56.25  1801.00
Valor: 56.26
56.25
56.00
4  -1.26  56.00  4302.00
Valor: 55.76
2  -0.76  55.76  11039.00
Valor: 54.55
2  0.45  54.55  15092.00
Valor: 54.55
1  0.45  54.55  19248.00
Valor: 55.26
1  -0.26  55.26  23040.00
Valor: 55.06
0  -0.06  55.06  26208.00
Valor: 55.06
0  -0.06  55.06  28765.00
Valor: 55.06
0  -0.06  55.06  31659.00
Valor: 55.06
0  -0.06  55.06  34642.00
Valor: 55.06
0  -0.06  55.06  37718.00
Valor: 55.06
0  -0.06  55.06  40764.00
Valor: 55.06
0  -0.06  55.06  43873.00
Valor: 54.76
1  0.24  54.76  46908.00
Valor: 55.06
0  -0.06  55.06  50044.00
Valor: 55.26
1  -0.26  55.26  52616.00
