39  55.00  0.00  299.00
Valor: 70.25
39  -15.25  70.25  1801.00
Valor: 70.26
70.00
69.50
69.00
68.75
68.50
68.00
67.57
67.07
66.25
65.75
65.50
65.25
65.06
64.25
64.00
63.75
63.50
63.25
62.75
62.56
62.00
61.75
61.50
61.25
60.75
60.75
60.25
60.00
59.50
59.25
59.00
58.76
58.25
58.00
39  -15.26  58.00  4303.00
Valor: 57.76
57.56
56.75
56.25
56.00
55.75
55.50
55.25
9  -2.76  55.25  65735.00
Valor: 55.05
0  -0.05  55.05  80782.00
Valor: 54.55
1  0.45  54.55  83283.00
Valor: 54.76
0  0.24  54.76  86578.00
Valor: 54.76
0  0.24  54.76  89314.00
Valor: 54.76
0  0.24  54.76  92247.00
Valor: 55.05
0  -0.05  55.05  95078.00
Valor: 55.05
0  -0.05  55.05  97913.00
Valor: 54.76
1  0.24  54.76  100872.00
Valor: 55.06
0  -0.06  55.06  104289.00
Valor: 55.26
1  -0.26  55.26  107018.00
Valor: 55.05
0  -0.05  55.05  110532.00
Valor: 54.76
1  0.24  54.76  113035.00
Valor: 55.06
0  -0.06  55.06  116353.00
Valor: 55.06
0  -0.06  55.06  118952.00
Valor: 55.06
0  -0.06  55.06  121907.00
Valor: 55.06
0  -0.06  55.06  124775.00
Valor: 55.06
0  -0.06  55.06  127793.00
Valor: 55.06
0  -0.06  55.06  130889.00
Valor: 55.06
0  -0.06  55.06  133996.00
Valor: 55.06
0  -0.06  55.06  136972.00
Valor: 55.06
0  -0.06  55.06  140046.00
