39  55.00  0.00  299.00
39  55.00  0.00  1801.00
Valor: 77.75
77.75
77.25
77.25
76.75
76.50
76.00
75.50
75.00
74.50
74.00
73.75
73.50
73.00
72.75
72.25
71.75
71.50
70.75
70.50
22  -22.75  70.50  3302.00
Valor: 70.26
69.75
69.50
69.00
68.75
68.25
68.00
67.75
67.25
67.00
66.75
66.26
65.25
15  -15.26  65.25  36542.00
Valor: 64.76
64.50
64.00
63.75
63.75
63.25
62.75
62.25
61.75
9  -9.76  61.75  60181.00
Valor: 61.26
60.75
60.75
60.25
60.00
6  -6.26  60.00  75793.00
Valor: 59.56
59.25
58.50
57.75
4  -4.56  57.75  85954.00
Valor: 57.56
57.25
2  -2.56  57.25  94015.00
Valor: 57.06
56.50
56.25
2  -2.06  56.25  99056.00
Valor: 55.76
0  -0.76  55.76  105099.00
Valor: 55.26
0  -0.26  55.26  107601.00
Valor: 55.26
0  -0.26  55.26  110271.00
Valor: 55.26
0  -0.26  55.26  113471.00
Valor: 55.26
0  -0.26  55.26  116747.00
Valor: 55.26
0  -0.26  55.26  119863.00
Valor: 55.26
0  -0.26  55.26  122891.00
Valor: 55.26
0  -0.26  55.26  125970.00
Valor: 55.26
0  -0.26  55.26  128948.00
0  -0.26  55.26  132090.00
0  -0.26  55.26  133592.00
0  -0.26  55.26  135094.00
0  -0.26  55.26  136595.00
0  -0.26  55.26  138097.00
