39  55.00  0.00  299.00
39  55.00  0.00  1801.00
Valor: 76.26
76.00
75.75
75.58
75.00
74.57
74.00
73.75
73.50
73.26
73.00
72.50
72.25
71.75
71.50
71.00
70.75
70.25
70.00
70.07
69.25
69.00
68.75
68.25
68.00
67.50
67.50
67.00
66.75
66.50
65.75
65.50
65.25
64.76
64.25
64.00
63.75
63.50
63.25
39  -21.26  63.25  3302.00
Valor: 63.06
62.50
62.25
61.75
61.50
61.00
60.75
60.50
60.25
60.00
60.00
59.50
59.00
58.76
58.25
57.75
16  -8.06  57.75  69492.00
Valor: 57.56
57.00
56.75
56.50
56.00
55.75
5  -2.56  55.75  96643.00
Valor: 55.26
0  -0.26  55.26  107215.00
Valor: 55.06
0  -0.06  55.06  109717.00
Valor: 55.06
0  -0.06  55.06  112360.00
Valor: 55.06
0  -0.06  55.06  115560.00
Valor: 55.06
0  -0.06  55.06  118673.00
Valor: 55.06
0  -0.06  55.06  121820.00
Valor: 55.06
0  -0.06  55.06  124887.00
0  -0.06  55.06  127896.00
0  -0.06  55.06  129397.00
0  -0.06  55.06  130899.00
