39  55.00  0.00  299.00
39  55.00  0.00  1801.00
Valor: 73.76
73.75
72.57
71.25
70.75
70.50
70.25
70.00
69.75
69.25
68.75
68.25
68.00
67.75
67.25
67.00
66.75
66.50
66.00
65.50
65.25
64.75
64.50
63.75
63.75
63.50
63.00
62.75
62.25
62.00
61.50
61.00
39  -18.76  61.00  3302.00
Valor: 60.76
60.25
60.00
59.75
59.25
59.00
58.50
57.75
57.50
57.25
57.00
57.00
56.25
56.00
15  -5.76  56.00  58821.00
Valor: 55.56
55.00
1  -0.56  55.00  82492.00
Valor: 54.55
1  0.45  54.55  87023.00
Valor: 54.55
54.75
1  0.45  54.75  90354.00
Valor: 55.26
0  -0.26  55.26  94576.00
Valor: 55.56
1  -0.56  55.56  97123.00
Valor: 55.26
0  -0.26  55.26  101256.00
Valor: 54.76
1  0.24  54.76  103759.00
Valor: 54.76
0  0.24  54.76  107259.00
Valor: 55.26
1  -0.26  55.26  109761.00
Valor: 55.05
0  -0.05  55.05  113879.00
Valor: 54.55
1  0.45  54.55  116382.00
Valor: 54.76
0  0.24  54.76  119876.00
Valor: 55.06
0  -0.06  55.06  122427.00
Valor: 55.06
0  -0.06  55.06  125450.00
Valor: 55.06
0  -0.06  55.06  128406.00
Valor: 55.06
0  -0.06  55.06  131423.00
Valor: 55.06
0  -0.06  55.06  134579.00
Valor: 55.06
0  -0.06  55.06  137737.00
Valor: 55.06
0  -0.06  55.06  140972.00
Valor: 55.06
0  -0.06  55.06  144140.00
