39  55.00  0.00  299.00
39  55.00  0.00  1801.00
Valor: 74.76
74.50
74.25
74.00
73.75
73.50
73.25
72.75
72.50
72.00
71.75
71.00
70.75
70.50
70.00
69.50
69.25
68.75
68.50
68.25
67.75
67.25
67.00
66.75
66.50
65.75
65.50
65.00
64.75
64.50
64.00
63.75
63.75
63.50
63.00
62.50
62.00
39  -19.76  62.00  3302.00
Valor: 61.56
61.00
61.00
60.25
60.00
59.75
59.25
58.75
58.25
58.00
57.75
57.50
57.25
57.25
56.75
56.50
56.00
55.75
18  -6.56  55.75  63051.00
Valor: 55.26
0  -0.26  55.26  92252.00
Valor: 55.06
0  -0.06  55.06  94755.00
Valor: 55.06
0  -0.06  55.06  97651.00
Valor: 55.06
0  -0.06  55.06  100789.00
Valor: 55.06
0  -0.06  55.06  103779.00
Valor: 55.06
0  -0.06  55.06  106839.00
Valor: 55.06
0  -0.06  55.06  109864.00
Valor: 55.06
0  -0.06  55.06  112687.00
Valor: 55.06
0  -0.06  55.06  115617.00
Valor: 55.06
0  -0.06  55.06  118594.00
Valor: 55.06
0  -0.06  55.06  121626.00
Valor: 55.06
0  -0.06  55.06  124769.00
Valor: 55.06
0  -0.06  55.06  127966.00
Valor: 55.06
0  -0.06  55.06  131011.00
Valor: 55.06
0  -0.06  55.06  134020.00
Valor: 55.06
0  -0.06  55.06  136974.00
Valor: 55.06
0  -0.06  55.06  139962.00
Valor: 55.06
0  -0.06  55.06  142991.00
