39  55.00  0.00  299.00
39  55.00  0.00  1801.00
Valor: 72.00
71.75
71.50
70.76
70.25
70.00
69.50
69.25
68.75
68.50
68.25
68.00
67.57
67.25
66.75
66.75
66.25
65.75
65.50
65.26
64.75
64.25
64.00
63.75
63.50
63.50
63.00
62.75
62.25
62.00
61.75
61.25
61.00
60.50
60.25
60.00
59.50
39  -17.00  59.50  3302.00
Valor: 59.26
58.75
59.00
59.50
60.00
60.25
60.50
61.00
61.00
61.50
61.75
62.25
62.75
63.25
63.50
63.75
63.75
64.25
64.50
65.00
65.50
65.75
66.25
66.50
67.00
67.00
67.50
67.75
39  -4.26  67.75  65012.00
Valor: 68.07
68.25
68.00
67.75
67.50
67.26
66.75
66.50
65.75
65.50
65.26
64.75
64.50
64.25
63.75
63.56
63.25
63.00
62.75
62.25
62.00
61.26
61.00
61.00
60.75
60.25
60.00
59.76
59.25
58.75
58.26
57.75
57.25
57.00
57.00
56.50
56.25
39  -13.07  56.25  108922.00
Valor: 55.76
55.25
54.75
54.50
54.25
54.00
53.75
53.50
53.25
53.00
52.50
52.00
51.50
51.25
51.00
50.75
50.50
50.25
49.75
49.50
49.00
48.75
48.25
47.75
47.55
47.25
46.75
46.25
46.00
45.50
45.04
44.75
44.50
44.25
44.00
43.75
43.25
42.75
39  -0.76  42.75  174499.00
Valor: 42.54
42.00
42.50
43.00
43.25
44.00
44.25
44.50
44.50
45.00
45.25
45.75
46.25
46.50
46.75
47.25
47.50
47.75
48.00
48.50
49.00
49.25
29  12.46  49.25  236352.00
Valor: 49.55
49.75
50.25
50.50
51.00
51.25
51.75
52.00
52.50
53.00
53.25
53.50
53.75
54.00
54.25
54.75
55.25
55.75
56.25
56.50
57.00
57.25
57.50
57.75
58.25
58.75
59.00
39  5.45  59.00  270660.00
Valor: 59.26
59.75
60.25
60.50
60.75
61.00
61.50
61.75
62.25
62.50
63.00
63.25
63.50
64.00
64.25
64.50
64.75
65.25
65.50
66.00
66.25
28  -4.26  66.25  313739.00
Valor: 66.57
66.50
66.25
65.56
65.06
64.25
64.06
63.50
63.25
63.00
62.75
62.25
62.00
61.50
61.25
61.00
60.50
60.50
60.00
59.75
59.25
59.25
58.75
58.25
58.00
57.50
57.50
57.00
57.00
56.50
56.25
55.75
55.50
55.00
54.50
54.25
54.00
39  -11.57  54.00  346856.00
Valor: 53.76
53.50
53.25
53.00
52.50
52.25
51.75
51.50
51.25
50.75
50.50
50.25
50.05
49.50
49.05
48.25
47.75
47.75
47.25
47.00
46.75
46.25
45.75
45.25
44.75
44.50
44.25
44.00
44.00
43.25
42.75
42.50
42.00
41.75
41.50
41.25
39  1.24  41.25  408651.00
Valor: 40.75
40.75
40.75
41.00
41.25
41.50
41.75
42.25
42.75
43.25
43.50
44.00
44.25
44.50
44.75
45.00
45.50
46.00
46.25
46.75
47.00
47.25
47.75
47.75
48.25
48.75
49.00
49.50
49.75
39  14.25  49.75  470390.00
Valor: 50.05
50.25
50.50
51.00
51.25
51.75
52.00
52.50
52.75
53.25
53.50
53.75
54.00
54.50
54.75
55.25
55.75
56.00
56.50
57.00
57.25
57.25
57.50
58.00
58.25
58.50
59.00
59.50
59.75
39  4.95  59.75  516241.00
Valor: 60.06
60.25
60.75
60.75
61.00
61.50
61.75
62.25
62.75
63.00
63.25
63.50
63.75
63.75
64.25
64.50
65.00
65.50
65.50
66.25
66.26
27  -5.06  66.26  561145.00
Valor: 67.01
67.00
66.57
65.76
65.00
64.75
64.25
64.00
63.75
63.50
63.25
63.00
62.50
62.25
62.06
61.50
61.25
61.06
60.50
60.25
60.06
59.75
59.50
59.25
58.75
58.25
58.26
57.50
57.25
57.26
57.00
56.50
56.25
56.00
55.50
55.05
54.50
54.50
39  -12.01  54.50  594752.00
Valor: 54.05
53.75
53.50
53.00
52.75
52.50
52.25
52.05
51.50
51.25
51.00
50.55
50.25
50.00
49.50
49.25
49.00
48.50
48.25
48.00
47.75
47.25
47.00
46.75
46.25
45.75
45.25
45.00
44.75
44.50
44.25
44.00
43.75
43.54
42.75
42.50
42.04
41.75
41.50
41.25
39  0.95  41.25  662395.00
Valor: 41.04
41.00
41.00
41.25
41.50
41.75
42.25
