39  55.00  0.00  299.00
Valor: 77.75
39  -22.75  77.75  1801.00
Valor: 77.76
77.25
77.25
77.00
76.75
76.25
75.75
75.25
75.00
74.25
73.75
73.50
73.25
73.00
104.00
72.25
71.76
71.25
71.00
70.50
70.00
70.00
69.50
69.00
68.50
68.25
68.00
67.50
67.25
67.00
66.75
66.50
66.00
65.56
65.00
64.75
39  -22.76  64.75  4303.00
Valor: 64.26
64.00
63.75
63.50
63.50
63.00
62.75
62.25
61.76
61.25
61.00
60.75
60.75
60.25
60.06
59.50
59.25
58.75
58.25
57.76
57.25
57.00
56.76
56.25
56.00
26  -9.26  56.00  64344.00
Valor: 55.76
55.25
1  -0.76  55.25  108475.00
Valor: 54.76
0  0.24  54.76  113007.00
Valor: 54.55
1  0.45  54.55  115510.00
Valor: 54.76
0  0.24  54.76  118858.00
Valor: 55.06
0  -0.06  55.06  121360.00
Valor: 55.06
0  -0.06  55.06  124346.00
Valor: 55.06
0  -0.06  55.06  127425.00
Valor: 55.06
0  -0.06  55.06  130493.00
Valor: 55.06
0  -0.06  55.06  133481.00
Valor: 55.06
0  -0.06  55.06  136565.00
Valor: 55.06
0  -0.06  55.06  139597.00
Valor: 55.06
0  -0.06  55.06  142640.00
Valor: 55.06
0  -0.06  55.06  145865.00
