39  55.00  0.00  299.00
Valor: 74.57
39  -19.57  74.57  1801.00
Valor: 74.57
74.50
73.00
72.25
71.75
71.75
71.25
71.00
70.25
70.00
69.75
69.25
69.00
68.76
68.00
67.50
67.25
67.00
66.50
66.25
65.75
65.50
65.00
64.50
64.00
63.75
63.50
63.25
62.75
62.75
62.25
62.00
61.75
39  -19.57  61.75  4734.00
Valor: 61.26
61.00
60.76
60.25
59.75
59.50
59.00
58.75
58.25
58.00
57.75
57.50
57.00
56.75
56.50
56.26
55.76
55.00
54.50
54.00
53.76
53.50
53.25
53.00
52.75
52.25
51.75
51.50
51.25
51.00
50.55
50.25
49.75
36  -6.26  49.75  60633.00
Valor: 49.25
49.00
49.50
49.75
50.25
50.50
51.00
9  5.75  51.00  118790.00
Valor: 51.26
51.75
52.00
52.25
52.75
52.75
53.00
53.25
53.50
54.00
11  3.74  54.00  131784.00
Valor: 54.05
54.50
54.75
3  0.95  54.75  147737.00
Valor: 55.06
0  -0.06  55.06  153677.00
Valor: 55.26
0  -0.26  55.26  156371.00
Valor: 55.56
1  -0.56  55.56  159434.00
Valor: 55.05
0  -0.05  55.05  163543.00
Valor: 54.55
1  0.45  54.55  167005.00
Valor: 54.76
0  0.24  54.76  170590.00
Valor: 55.26
0  -0.26  55.26  173092.00
Valor: 55.26
0  -0.26  55.26  175868.00
Valor: 55.26
0  -0.26  55.26  178899.00
Valor: 55.26
0  -0.26  55.26  181998.00
Valor: 55.26
0  -0.26  55.26  185080.00
Valor: 55.26
0  -0.26  55.26  188147.00
Valor: 55.26
0  -0.26  55.26  191263.00
Valor: 55.25
0  -0.25  55.25  194123.00
Valor: 55.26
0  -0.26  55.26  196945.00
Valor: 55.26
0  -0.26  55.26  199830.00
Valor: 55.26
0  -0.26  55.26  202763.00
Valor: 55.26
0  -0.26  55.26  205817.00
Valor: 55.26
0  -0.26  55.26  208838.00
Valor: 55.26
0  -0.26  55.26  211979.00
Valor: 55.26
0  -0.26  55.26  215003.00
Valor: 55.26
0  -0.26  55.26  217869.00
Valor: 55.26
0  -0.26  55.26  220900.00
Valor: 55.26
0  -0.26  55.26  223936.00
Valor: 55.26
0  -0.26  55.26  226721.00
Valor: 55.26
0  -0.26  55.26  229604.00
Valor: 55.26
0  -0.26  55.26  232612.00
Valor: 55.26
0  -0.26  55.26  235691.00
Valor: 55.26
0  -0.26  55.26  238817.00
Valor: 104.05
54.50
54.50
54.00
53.75
53.50
53.25
52.75
52.50
52.00
51.75
51.50
51.25
51.00
50.50
50.25
50.00
49.75
49.25
49.00
48.50
48.25
47.75
47.75
47.50
47.00
46.75
46.25
46.00
45.50
45.25
44.75
44.50
44.25
44.00
43.75
43.50
43.00
42.75
39  -49.05  42.75  241951.00
Valor: 42.04
41.75
42.00
42.50
43.00
43.50
43.75
44.25
44.25
44.50
12  12.96  44.50  304447.00
Valor: 45.04
45.25
45.50
46.25
46.50
47.00
47.25
47.75
48.00
48.25
48.50
49.00
49.25
49.50
50.00
50.25
50.50
50.75
51.25
51.50
27  9.96  51.50  320635.00
Valor: 52.05
52.25
52.75
53.00
53.25
53.50
54.00
54.25
54.75
55.00
13  2.95  55.00  352218.00
Valor: 55.26
0  -0.26  55.26  368760.00
Valor: 55.56
1  -0.56  55.56  371292.00
Valor: 55.26
0  -0.26  55.26  375228.00
Valor: 54.76
0  0.24  54.76  377732.00
Valor: 54.76
0  0.24  54.76  380384.00
Valor: 54.76
0  0.24  54.76  383240.00
Valor: 54.76
0  0.24  54.76  386056.00
Valor: 54.76
0  0.24  54.76  389110.00
Valor: 54.76
0  0.24  54.76  392279.00
Valor: 54.76
0  0.24  54.76  395424.00
