39  55.00  0.00  299.00
39  55.00  0.00  1801.00
Valor: 74.07
73.25
72.50
72.00
71.75
71.50
70.75
70.50
70.00
69.75
69.50
68.75
68.50
68.25
67.50
67.25
67.25
66.50
66.25
65.75
65.50
65.25
64.75
64.25
64.00
63.75
63.50
63.25
62.75
62.25
61.75
61.25
61.00
39  -19.07  61.00  3302.00
Valor: 60.76
60.25
60.00
59.75
59.25
58.75
58.50
58.25
57.75
57.25
57.00
56.75
56.25
56.00
55.56
16  -5.76  55.56  58774.00
Valor: 55.05
0  -0.05  55.05  84943.00
Valor: 54.76
0  0.24  54.76  87445.00
Valor: 54.76
0  0.24  54.76  90413.00
Valor: 54.76
0  0.24  54.76  93476.00
Valor: 54.76
0  0.24  54.76  96696.00
Valor: 54.76
0  0.24  54.76  99840.00
Valor: 54.76
0  0.24  54.76  103003.00
Valor: 54.76
0  0.24  54.76  106099.00
Valor: 54.76
0  0.24  54.76  109319.00
Valor: 54.76
0  0.24  54.76  112520.00
Valor: 54.76
0  0.24  54.76  115731.00
