39  55.00  0.00  299.00
39  55.00  0.00  1801.00
Valor: 74.75
74.75
74.25
74.07
73.75
73.50
73.00
72.75
72.25
8  -19.75  72.25  3302.00
Valor: 72.07
71.50
71.07
70.75
70.25
70.00
69.75
69.50
69.00
68.75
68.50
68.25
68.00
67.50
67.25
67.00
66.75
66.50
66.00
65.76
65.00
64.75
64.50
64.00
63.75
63.50
63.25
63.00
62.50
62.25
62.00
61.50
61.00
60.75
60.50
60.25
60.00
59.75
59.50
59.00
39  -17.07  59.00  19358.00
Valor: 58.76
58.25
58.00
57.50
57.25
57.25
57.00
56.50
56.25
55.75
55.25
55.00
54.50
54.25
54.00
53.76
53.25
52.75
52.50
52.00
51.50
51.00
50.75
50.75
50.50
50.00
49.75
49.25
48.75
48.50
48.25
48.00
47.50
47.25
47.00
46.75
46.00
46.00
39  -3.76  46.00  83201.00
Valor: 45.54
45.25
44.75
44.50
44.50
44.25
43.75
43.50
42.75
42.50
41.75
41.50
41.25
41.00
41.00
101.00
100.75
