39  55.00  0.00  299.00
39  55.00  0.00  1801.00
Valor: 70.07
69.75
69.57
69.25
69.00
68.50
67.75
67.25
67.00
66.75
66.25
66.00
65.75
65.25
65.06
64.50
64.25
63.75
63.75
63.25
63.00
62.76
62.00
61.75
61.50
61.00
60.50
60.26
60.00
59.50
59.50
59.25
58.75
58.25
57.75
57.50
57.25
39  -15.07  57.25  3302.00
Valor: 57.26
56.75
56.50
56.25
55.75
55.25
54.75
6  -2.26  54.75  66570.00
Valor: 54.55
1  0.45  54.55  78652.00
Valor: 54.26
54.75
55.25
2  0.74  55.25  81874.00
Valor: 55.56
55.50
1  -0.56  55.50  87455.00
Valor: 55.26
0  -0.26  55.26  91986.00
Valor: 54.76
0  0.24  54.76  94500.00
Valor: 55.05
0  -0.05  55.05  97464.00
Valor: 54.76
0  0.24  54.76  100447.00
Valor: 54.76
0  0.24  54.76  103646.00
Valor: 54.76
0  0.24  54.76  106742.00
Valor: 55.05
0  -0.05  55.05  109762.00
Valor: 54.76
0  0.24  54.76  112836.00
Valor: 55.06
0  -0.06  55.06  115848.00
Valor: 54.76
0  0.24  54.76  118759.00
Valor: 54.76
0  0.24  54.76  121653.00
Valor: 54.76
0  0.24  54.76  124740.00
Valor: 55.06
0  -0.06  55.06  127750.00
Valor: 54.76
0  0.24  54.76  130669.00
Valor: 55.06
0  -0.06  55.06  133493.00
0  -0.06  55.06  136840.00
0  -0.06  55.06  138341.00
0  -0.06  55.06  139843.00
0  -0.06  55.06  141344.00
