39  55.00  0.00  299.00
Valor: 74.26
39  -19.26  74.26  1801.00
Valor: 74.07
73.75
73.50
73.50
73.00
72.75
72.25
72.00
71.50
71.00
70.75
70.25
70.00
69.75
69.50
69.00
68.50
68.25
67.75
67.25
67.25
67.00
66.75
66.50
66.00
65.50
65.00
64.50
64.00
63.75
63.50
63.25
63.00
62.50
62.25
61.75
61.25
39  -19.07  61.25  5133.00
Valor: 61.06
60.75
60.25
60.00
59.75
59.25
58.50
58.50
57.75
57.50
57.25
57.00
56.75
56.50
56.00
55.75
55.50
55.00
20  -6.06  55.00  64415.00
Valor: 54.55
54.00
1  0.45  54.00  94738.00
Valor: 54.26
54.75
2  0.74  54.75  98962.00
Valor: 55.26
1  -0.26  55.26  103615.00
Valor: 55.05
0  -0.05  55.05  107288.00
Valor: 54.55
1  0.45  54.55  109791.00
Valor: 54.76
0  0.24  54.76  113174.00
Valor: 55.06
0  -0.06  55.06  115677.00
Valor: 55.06
0  -0.06  55.06  118440.00
Valor: 55.06
0  -0.06  55.06  121595.00
Valor: 55.06
0  -0.06  55.06  124716.00
Valor: 55.06
0  -0.06  55.06  127775.00
Valor: 55.26
54.75
1  -0.26  54.75  130798.00
Valor: 54.55
1  0.45  54.55  135786.00
Valor: 54.26
54.75
55.25
2  0.74  55.25  139010.00
Valor: 55.76
55.50
55.25
54.75
3  -0.76  54.75  144591.00
Valor: 54.55
1  0.45  54.55  152290.00
Valor: 54.26
54.75
2  0.74  54.75  155513.00
Valor: 55.56
55.50
55.25
2  -0.56  55.25  160095.00
Valor: 54.76
1  0.24  54.76  166136.00
Valor: 54.76
0  0.24  54.76  169359.00
Valor: 55.06
0  -0.06  55.06  171872.00
Valor: 55.06
0  -0.06  55.06  174971.00
Valor: 55.06
0  -0.06  55.06  177977.00
Valor: 55.06
0  -0.06  55.06  180968.00
Valor: 55.06
0  -0.06  55.06  184080.00
Valor: 55.06
0  -0.06  55.06  187187.00
