39  55.00  0.00  299.00
39  55.00  0.00  1801.00
Valor: 74.26
74.25
74.00
73.75
73.25
73.00
72.75
72.25
71.75
71.25
71.00
70.75
70.50
70.00
69.76
69.00
69.00
68.75
68.25
68.00
67.75
67.25
67.25
66.75
66.50
66.25
65.75
65.75
65.00
64.75
64.25
64.06
63.75
63.25
62.76
62.50
61.75
39  -19.26  61.75  3302.00
Valor: 61.56
61.00
60.75
60.50
60.25
60.00
59.50
59.25
59.00
58.50
58.25
57.75
57.50
57.25
57.00
56.75
56.25
55.75
55.50
55.00
54.50
54.26
22  -6.56  54.26  65751.00
Valor: 54.05
53.75
54.00
3  0.95  54.00  101965.00
Valor: 54.26
54.50
2  0.74  54.50  107908.00
Valor: 54.76
0  0.24  54.76  112490.00
Valor: 55.26
55.25
1  -0.26  55.25  114993.00
Valor: 54.76
1  0.24  54.76  119674.00
Valor: 54.76
0  0.24  54.76  122897.00
Valor: 55.26
55.00
1  -0.26  55.00  125400.00
Valor: 54.55
1  0.45  54.55  130026.00
Valor: 54.56
55.00
1  0.44  55.00  133250.00
Valor: 55.56
55.26
2  -0.56  55.26  137472.00
Valor: 54.55
1  0.45  54.55  143557.00
Valor: 54.55
55.00
1  0.45  55.00  146798.00
Valor: 55.26
55.50
1  -0.26  55.50  151020.00
Valor: 55.26
0  -0.26  55.26  155551.00
Valor: 54.76
1  0.24  54.76  159038.00
Valor: 54.76
0  0.24  54.76  162608.00
Valor: 55.26
1  -0.26  55.26  166049.00
Valor: 55.05
0  -0.05  55.05  170024.00
Valor: 54.55
1  0.45  54.55  172527.00
Valor: 54.76
0  0.24  54.76  175831.00
Valor: 55.06
0  -0.06  55.06  178333.00
Valor: 55.26
0  -0.26  55.26  181072.00
Valor: 55.26
0  -0.26  55.26  184112.00
Valor: 55.26
0  -0.26  55.26  187128.00
Valor: 55.26
0  -0.26  55.26  190153.00
Valor: 55.06
0  -0.06  55.06  193197.00
Valor: 55.26
0  -0.26  55.26  196216.00
Valor: 55.26
0  -0.26  55.26  199278.00
Valor: 55.06
0  -0.06  55.06  202228.00
Valor: 55.06
0  -0.06  55.06  205240.00
Valor: 55.26
0  -0.26  55.26  208263.00
Valor: 55.06
0  -0.06  55.06  211367.00
Valor: 55.26
0  -0.26  55.26  214405.00
Valor: 55.26
0  -0.26  55.26  217338.00
Valor: 55.26
0  -0.26  55.26  220339.00
Valor: 55.06
0  -0.06  55.06  223120.00
Valor: 55.06
0  -0.06  55.06  225972.00
Valor: 55.06
0  -0.06  55.06  228930.00
Valor: 55.06
0  -0.06  55.06  231712.00
Valor: 55.06
0  -0.06  55.06  234590.00
Valor: 55.26
0  -0.26  55.26  237453.00
Valor: 55.26
0  -0.26  55.26  240402.00
Valor: 55.06
0  -0.06  55.06  243528.00
Valor: 55.26
0  -0.26  55.26  246306.00
Valor: 55.26
0  -0.26  55.26  249182.00
Valor: 55.25
0  -0.25  55.25  252165.00
Valor: 55.26
0  -0.26  55.26  254667.00
