39  55.00  0.00  299.00
Valor: 72.76
39  -17.76  72.76  1801.00
Valor: 73.00
72.75
72.25
71.75
71.25
70.50
70.25
70.00
69.25
68.75
68.25
68.07
67.50
67.25
67.00
66.50
66.50
66.00
65.50
65.25
64.75
64.25
63.75
63.75
63.50
63.00
62.75
62.00
61.75
61.25
60.75
60.50
60.25
39  -18.00  60.25  5207.00
Valor: 59.76
59.50
59.00
58.75
58.25
58.00
57.50
57.25
57.00
56.76
56.00
55.75
55.25
14  -4.76  55.25  61069.00
Valor: 55.05
0  -0.05  55.05  84212.00
Valor: 54.26
54.50
2  0.74  54.50  86714.00
Valor: 55.06
0  -0.06  55.06  91612.00
Valor: 55.26
0  -0.26  55.26  94270.00
Valor: 55.26
0  -0.26  55.26  97464.00
Valor: 55.26
0  -0.26  55.26  100637.00
Valor: 55.26
0  -0.26  55.26  103834.00
Valor: 55.26
0  -0.26  55.26  106955.00
Valor: 55.26
0  -0.26  55.26  109930.00
Valor: 55.26
0  -0.26  55.26  112867.00
Valor: 55.26
0  -0.26  55.26  115933.00
Valor: 55.26
0  -0.26  55.26  118972.00
Valor: 55.26
0  -0.26  55.26  121948.00
Valor: 55.25
0  -0.25  55.25  125065.00
