39  55.00  0.00  299.00
39  55.00  0.00  1801.00
Valor: 73.26
73.00
72.75
72.50
72.00
71.50
71.25
70.75
70.50
70.26
70.00
69.50
69.00
68.50
68.25
67.75
67.50
67.25
66.75
66.50
66.00
65.50
65.25
64.75
64.50
64.00
63.75
63.50
63.25
63.00
62.50
62.06
61.50
61.00
60.75
60.50
39  -18.26  60.50  3302.00
Valor: 60.06
59.75
59.50
59.00
58.50
58.25
57.75
57.50
57.00
56.75
56.50
56.00
55.75
14  -5.06  55.75  63700.00
Valor: 55.26
0  -0.26  55.26  85862.00
Valor: 54.76
0  0.24  54.76  88366.00
Valor: 54.76
0  0.24  54.76  91048.00
Valor: 54.76
0  0.24  54.76  94240.00
Valor: 54.55
1  0.45  54.55  97341.00
Valor: 55.06
0  -0.06  55.06  101127.00
Valor: 55.26
0  -0.26  55.26  103629.00
Valor: 55.26
0  -0.26  55.26  106550.00
Valor: 55.26
0  -0.26  55.26  109669.00
Valor: 55.26
0  -0.26  55.26  112755.00
Valor: 55.26
0  -0.26  55.26  115698.00
Valor: 55.26
0  -0.26  55.26  118670.00
Valor: 55.26
0  -0.26  55.26  121702.00
Valor: 55.26
0  -0.26  55.26  124713.00
Valor: 55.26
0  -0.26  55.26  127625.00
Valor: 55.26
0  -0.26  55.26  130492.00
