39  55.00  0.00  299.00
39  55.00  0.00  1801.00
Valor: 76.58
76.25
76.25
75.50
75.50
75.00
74.25
74.25
73.75
73.50
73.25
72.75
72.50
72.00
71.75
71.25
70.75
70.25
70.00
70.00
69.25
69.25
68.50
68.25
68.00
67.50
67.25
67.25
66.75
66.50
66.25
65.75
65.50
65.06
64.50
64.06
63.75
39  -21.58  63.75  3302.00
Valor: 63.26
62.76
62.25
61.76
61.25
61.00
61.06
60.25
60.00
59.56
59.00
58.50
58.25
58.25
57.50
57.50
57.25
57.00
56.50
56.25
55.76
55.25
24  -8.26  55.25  64568.00
Valor: 54.76
1  0.24  54.76  105595.00
Valor: 54.56
55.00
1  0.44  55.00  109661.00
Valor: 55.26
1  -0.26  55.26  113884.00
Valor: 55.26
0  -0.26  55.26  117584.00
Valor: 54.76
1  0.24  54.76  120087.00
Valor: 54.76
0  0.24  54.76  123310.00
Valor: 55.56
55.00
2  -0.56  55.00  125812.00
Valor: 54.55
54.25
1  0.45  54.25  131127.00
Valor: 54.55
1  0.45  54.55  135351.00
Valor: 55.06
0  -0.06  55.06  138708.00
Valor: 55.26
0  -0.26  55.26  141210.00
Valor: 55.26
0  -0.26  55.26  143923.00
Valor: 55.26
0  -0.26  55.26  146844.00
Valor: 55.26
0  -0.26  55.26  149868.00
Valor: 55.56
55.25
1  -0.56  55.25  152659.00
Valor: 54.76
54.75
1  0.24  54.75  157539.00
Valor: 55.06
0  -0.06  55.06  161763.00
Valor: 55.26
0  -0.26  55.26  164438.00
Valor: 55.26
0  -0.26  55.26  167336.00
Valor: 55.26
0  -0.26  55.26  170250.00
Valor: 55.26
0  -0.26  55.26  173172.00
Valor: 55.26
0  -0.26  55.26  176258.00
Valor: 55.26
0  -0.26  55.26  179264.00
Valor: 55.26
0  -0.26  55.26  182184.00
Valor: 55.26
0  -0.26  55.26  185160.00
Valor: 55.26
0  -0.26  55.26  187916.00
Valor: 55.26
0  -0.26  55.26  190912.00
Valor: 55.26
0  -0.26  55.26  193890.00
Valor: 55.26
0  -0.26  55.26  196829.00
Valor: 55.26
0  -0.26  55.26  199786.00
Valor: 55.26
0  -0.26  55.26  202698.00
Valor: 55.26
0  -0.26  55.26  205710.00
Valor: 55.26
0  -0.26  55.26  208711.00
Valor: 55.26
0  -0.26  55.26  211756.00
Valor: 55.26
0  -0.26  55.26  214572.00
Valor: 55.26
0  -0.26  55.26  217300.00
