39  55.00  0.00  299.00
Valor: 77.25
39  -22.25  77.25  1801.00
Valor: 77.58
77.25
77.00
76.50
76.00
75.00
74.50
74.00
74.00
73.50
73.00
72.75
72.00
71.75
70.75
70.75
70.25
70.00
69.75
69.25
69.00
68.25
67.75
67.25
67.00
67.00
66.75
66.25
66.00
65.50
64.75
64.50
39  -22.58  64.50  4303.00
Valor: 64.26
63.75
63.50
63.25
62.50
61.75
61.50
61.00
60.75
60.25
60.25
59.75
59.25
59.00
58.25
57.75
57.25
57.25
56.75
56.50
56.00
55.50
55.00
54.50
54.25
54.00
53.50
53.25
52.75
52.25
37  -9.26  52.25  58414.00
Valor: 51.76
51.25
51.75
52.25
53.00
53.25
53.75
54.00
12  3.24  54.00  109303.00
Valor: 54.26
54.75
2  0.74  54.75  123486.00
Valor: 55.26
1  -0.26  55.26  128380.00
Valor: 55.05
0  -0.05  55.05  132191.00
Valor: 54.55
1  0.45  54.55  134693.00
Valor: 55.06
0  -0.06  55.06  138411.00
Valor: 55.26
1  -0.26  55.26  140922.00
Valor: 54.76
0  0.24  54.76  145182.00
Valor: 54.26
54.50
2  0.74  54.50  147685.00
Valor: 55.26
55.00
1  -0.26  55.00  152915.00
Valor: 54.55
1  0.45  54.55  157804.00
Valor: 54.56
1  0.44  54.56  161233.00
Valor: 55.26
1  -0.26  55.26  164455.00
Valor: 55.55
54.75
54.25
2  -0.55  54.25  167987.00
Valor: 54.05
54.00
3  0.95  54.00  174029.00
Valor: 54.55
1  0.45  54.55  179052.00
Valor: 55.06
0  -0.06  55.06  182352.00
Valor: 55.26
1  -0.26  55.26  184869.00
Valor: 55.05
0  -0.05  55.05  189044.00
Valor: 54.55
1  0.45  54.55  191546.00
Valor: 55.06
0  -0.06  55.06  194991.00
Valor: 55.26
1  -0.26  55.26  197493.00
Valor: 54.76
0  0.24  54.76  201568.00
Valor: 54.26
54.75
2  0.74  54.75  204071.00
Valor: 55.26
1  -0.26  55.26  209034.00
Valor: 55.05
0  -0.05  55.05  212939.00
Valor: 54.55
1  0.45  54.55  215441.00
Valor: 54.76
0  0.24  54.76  219053.00
Valor: 55.06
0  -0.06  55.06  221674.00
Valor: 55.06
0  -0.06  55.06  224899.00
Valor: 55.06
0  -0.06  55.06  228299.00
Valor: 55.06
0  -0.06  55.06  231506.00
Valor: 55.06
0  -0.06  55.06  234732.00
Valor: 55.06
0  -0.06  55.06  237921.00
Valor: 55.06
0  -0.06  55.06  241247.00
Valor: 55.06
0  -0.06  55.06  244609.00
Valor: 55.06
0  -0.06  55.06  247997.00
Valor: 55.00
0  0.00  55.00  251303.00
