39  55.00  0.00  299.00
39  55.00  0.00  1801.00
Valor: 77.26
77.25
77.25
77.00
76.76
76.25
75.75
75.50
75.00
74.50
74.00
73.76
73.50
73.25
72.75
72.25
71.75
71.50
71.00
71.00
70.50
70.25
70.00
69.75
69.00
68.75
68.50
68.00
67.50
67.25
67.00
66.75
66.50
66.25
65.75
65.25
65.00
64.50
64.00
39  -22.26  64.00  3302.00
Valor: 64.06
63.75
63.25
63.06
62.75
62.25
62.00
61.25
61.00
60.75
60.50
60.25
60.00
59.75
59.25
59.00
58.75
58.25
57.75
57.50
57.26
57.00
56.75
56.50
56.00
55.50
55.00
54.50
54.25
54.00
53.76
53.25
53.00
52.50
52.25
36  -9.06  52.25  66537.00
Valor: 51.76
51.75
52.25
52.50
52.75
53.00
53.50
53.75
54.00
54.00
54.25
13  3.24  54.25  124819.00
Valor: 54.76
0  0.24  54.76  142364.00
Valor: 55.06
0  -0.06  55.06  144866.00
Valor: 55.06
0  -0.06  55.06  147542.00
Valor: 55.06
0  -0.06  55.06  150579.00
Valor: 55.06
0  -0.06  55.06  153652.00
Valor: 55.06
0  -0.06  55.06  156666.00
Valor: 55.06
0  -0.06  55.06  159652.00
Valor: 55.06
0  -0.06  55.06  162752.00
Valor: 55.06
0  -0.06  55.06  165753.00
Valor: 55.06
0  -0.06  55.06  168637.00
Valor: 55.06
0  -0.06  55.06  171486.00
Valor: 55.06
0  -0.06  55.06  174342.00
Valor: 55.06
0  -0.06  55.06  177270.00
Valor: 55.06
0  -0.06  55.06  180168.00
Valor: 55.06
0  -0.06  55.06  183158.00
Valor: 55.06
0  -0.06  55.06  186233.00
Valor: 55.06
0  -0.06  55.06  189340.00
Valor: 55.06
0  -0.06  55.06  192344.00
Valor: 55.06
0  -0.06  55.06  195340.00
Valor: 55.06
0  -0.06  55.06  198473.00
