39  55.00  0.00  299.00
39  55.00  0.00  1801.00
Valor: 69.57
69.25
69.25
68.76
68.07
67.25
67.00
66.75
66.50
66.00
65.75
65.00
64.75
64.25
63.75
63.75
63.75
63.25
62.75
62.50
62.00
61.50
61.00
60.50
60.75
60.50
60.00
59.50
59.25
58.75
58.25
57.75
57.50
57.26
56.75
39  -14.57  56.75  3302.00
Valor: 56.56
56.00
55.50
55.25
54.75
5  -1.56  54.75  63626.00
Valor: 54.26
54.25
3  0.74  54.25  73209.00
Valor: 54.76
0  0.24  54.76  78152.00
Valor: 55.26
1  -0.26  55.26  80653.00
Valor: 54.76
54.50
1  0.24  54.50  84671.00
Valor: 54.76
0  0.24  54.76  88895.00
Valor: 55.06
0  -0.06  55.06  91665.00
Valor: 55.06
0  -0.06  55.06  94836.00
Valor: 55.06
0  -0.06  55.06  97918.00
Valor: 55.06
0  -0.06  55.06  101113.00
Valor: 55.06
0  -0.06  55.06  104199.00
Valor: 54.76
1  0.24  54.76  107231.00
Valor: 55.26
1  -0.26  55.26  111071.00
Valor: 55.26
54.75
1  -0.26  54.75  114603.00
Valor: 54.26
54.00
54.25
54.50
3  0.74  54.50  119136.00
Valor: 55.06
0  -0.06  55.06  126081.00
Valor: 55.26
1  -0.26  55.26  128691.00
Valor: 54.76
1  0.24  54.76  132783.00
Valor: 54.56
55.00
1  0.44  55.00  136932.00
Valor: 55.56
55.25
2  -0.56  55.25  141155.00
Valor: 54.76
54.50
1  0.24  54.50  146196.00
Valor: 54.76
0  0.24  54.76  150420.00
Valor: 55.05
0  -0.05  55.05  152951.00
Valor: 54.76
1  0.24  54.76  155980.00
Valor: 55.26
55.50
1  -0.26  55.50  159656.00
Valor: 55.26
54.75
1  -0.26  54.75  164188.00
Valor: 54.26
54.00
54.50
3  0.74  54.50  168720.00
Valor: 54.76
0  0.24  54.76  174663.00
Valor: 55.26
1  -0.26  55.26  177165.00
Valor: 54.76
54.25
1  0.24  54.25  181135.00
Valor: 54.76
0  0.24  54.76  185359.00
Valor: 55.06
0  -0.06  55.06  188062.00
Valor: 55.06
0  -0.06  55.06  191133.00
Valor: 55.05
0  -0.05  55.05  194227.00
Valor: 54.76
1  0.24  54.76  197293.00
Valor: 55.26
55.50
1  -0.26  55.50  201085.00
Valor: 55.26
54.75
1  -0.26  54.75  205617.00
Valor: 54.26
54.25
54.75
3  0.74  54.75  210149.00
Valor: 54.76
0  0.24  54.76  216091.00
Valor: 55.26
55.00
1  -0.26  55.00  218593.00
Valor: 54.55
54.50
2  0.45  54.50  223324.00
Valor: 55.06
0  -0.06  55.06  227906.00
Valor: 55.26
1  -0.26  55.26  230409.00
Valor: 55.05
0  -0.05  55.05  234496.00
Valor: 54.55
54.75
2  0.45  54.75  236999.00
Valor: 55.06
0  -0.06  55.06  241657.00
Valor: 55.26
1  -0.26  55.26  244159.00
Valor: 55.05
0  -0.05  55.05  248322.00
Valor: 54.55
54.75
2  0.45  54.75  250825.00
Valor: 55.26
1  -0.26  55.26  255721.00
Valor: 55.26
1  -0.26  55.26  259278.00
Valor: 54.55
