39  62.00  0.00  299.00
Valor: 48.00
2  14.00  48.00  1801.00
Valor: 48.05
48.00
48.25
48.50
48.50
49.00
49.25
49.75
50.25
50.50
50.75
51.00
51.00
51.25
51.50
52.00
53.50
53.50
54.50
54.75
55.00
55.50
55.50
56.00
56.75
39  13.95  56.75  4302.00
Valor: 57.56
57.50
57.75
58.00
58.00
58.75
59.00
59.50
60.00
60.25
60.50
60.75
15  4.44  60.75  45057.00
Valor: 61.06
61.00
61.00
3  0.94  61.00  64279.00
Valor: 61.26
61.50
2  0.74  61.50  69863.00
Valor: 61.76
0  0.24  61.76  74086.00
Valor: 62.26
1  -0.26  62.26  76588.00
Valor: 62.06
0  -0.06  62.06  80016.00
Valor: 61.75
1  0.25  61.75  82519.00
Valor: 61.76
0  0.24  61.76  85382.00
0  0.24  61.76  88561.00
Valor: 62.00
0  0.00  62.00  90063.00
Valor: 62.06
0  -0.06  62.06  92564.00
Valor: 62.06
0  -0.06  62.06  95159.00
Valor: 62.06
0  -0.06  62.06  98020.00
Valor: 62.26
1  -0.26  62.26  101085.00
Valor: 61.76
1  0.24  61.76  104677.00
Valor: 61.76
0  0.24  61.76  107655.00
Valor: 62.06
0  -0.06  62.06  110329.00
Valor: 62.06
0  -0.06  62.06  113304.00
Valor: 62.06
0  -0.06  62.06  116409.00
Valor: 62.06
0  -0.06  62.06  119424.00
Valor: 62.06
0  -0.06  62.06  122332.00
Valor: 62.06
0  -0.06  62.06  125245.00
Valor: 62.06
0  -0.06  62.06  128179.00
Valor: 62.06
0  -0.06  62.06  131225.00
Valor: 62.06
0  -0.06  62.06  134390.00
Valor: 62.06
0  -0.06  62.06  137515.00
Valor: 62.06
0  -0.06  62.06  140573.00
Valor: 62.00
0  0.00  62.00  143862.00
0  0.00  62.00  146363.00
0  0.00  62.00  147865.00
0  0.00  62.00  149366.00
0  0.00  62.00  150868.00
0  0.00  62.00  152370.00
0  0.00  62.00  153872.00
0  0.00  62.00  155373.00
0  0.00  62.00  156875.00
0  0.00  62.00  158376.00
0  0.00  62.00  159879.00
0  0.00  62.00  161380.00
0  0.00  62.00  162882.00
0  0.00  62.00  164383.00
0  0.00  62.00  165885.00
0  0.00  62.00  167387.00
0  0.00  62.00  168889.00
0  0.00  62.00  170390.00
0  0.00  62.00  171891.00
0  0.00  62.00  173393.00
0  0.00  62.00  174895.00
0  0.00  62.00  176397.00
0  0.00  62.00  177898.00
0  0.00  62.00  179400.00
0  0.00  62.00  180901.00
0  0.00  62.00  182404.00
0  0.00  62.00  183905.00
0  0.00  62.00  185407.00
0  0.00  62.00  186908.00
0  0.00  62.00  188410.00
0  0.00  62.00  189912.00
0  0.00  62.00  191414.00
0  0.00  62.00  192915.00
0  0.00  62.00  194417.00
0  0.00  62.00  195918.00
0  0.00  62.00  197421.00
0  0.00  62.00  198922.00
0  0.00  62.00  200423.00
0  0.00  62.00  201925.00
0  0.00  62.00  203426.00
0  0.00  62.00  204929.00
0  0.00  62.00  206430.00
0  0.00  62.00  207932.00
0  0.00  62.00  209433.00
0  0.00  62.00  210935.00
0  0.00  62.00  212436.00
