 62.00  0.00  1801.00
39  62.00  0.00  299.00
Valor: 51.50
13  10.50  51.50  1801.00
Valor: 51.55
51.55
51.75
52.00
52.50
52.75
53.50
53.75
54.50
55.00
56.75
57.00
57.25
57.50
57.75
57.75
58.00
58.50
58.75
59.75
37  10.45  59.75  4303.00
Valor: 60.56
60.75
61.00
4  1.44  61.00  40322.00
Valor: 61.06
61.25
3  0.94  61.25  46559.00
Valor: 61.76
0  0.24  61.76  51255.00
Valor: 62.06
0  -0.06  62.06  53854.00
Valor: 62.06
0  -0.06  62.06  56813.00
Valor: 62.06
0  -0.06  62.06  59735.00
Valor: 62.06
0  -0.06  62.06  62657.00
Valor: 62.06
0  -0.06  62.06  65590.00
Valor: 62.06
0  -0.06  62.06  68697.00
Valor: 62.06
0  -0.06  62.06  71773.00
Valor: 62.06
0  -0.06  62.06  75004.00
Valor: 62.06
0  -0.06  62.06  78257.00
