 62.00  0.00  1801.00
39  62.00  0.00  299.00
Valor: 48.25
1  13.75  48.25  1801.00
Valor: 48.25
48.75
50.00
50.50
50.50
50.75
51.00
51.00
51.25
51.25
51.50
52.00
52.25
52.75
53.50
54.00
54.25
54.25
54.50
54.75
55.00
55.50
55.75
56.50
57.00
57.50
57.50
39  13.75  57.50  4302.00
Valor: 57.56
57.75
58.25
58.75
59.00
59.75
60.00
60.25
60.75
60.75
15  4.44  60.75  47003.00
Valor: 61.06
61.25
3  0.94  61.25  64076.00
Valor: 61.56
1  0.44  61.56  68657.00
Valor: 62.26
1  -0.26  62.26  71520.00
Valor: 62.26
0  -0.26  62.26  74595.00
Valor: 62.06
0  -0.06  62.06  77099.00
Valor: 62.06
0  -0.06  62.06  80065.00
Valor: 62.06
0  -0.06  62.06  83096.00
Valor: 62.06
0  -0.06  62.06  86179.00
Valor: 62.06
0  -0.06  62.06  89302.00
Valor: 62.06
0  -0.06  62.06  92294.00
Valor: 62.06
0  -0.06  62.06  95289.00
Valor: 62.06
0  -0.06  62.06  98260.00
Valor: 62.06
0  -0.06  62.06  101248.00
Valor: 62.06
0  -0.06  62.06  104283.00
Valor: 62.06
0  -0.06  62.06  107245.00
Valor: 62.06
0  -0.06  62.06  110406.00
Valor: 62.06
0  -0.06  62.06  113466.00
Valor: 62.06
0  -0.06  62.06  116446.00
Valor: 62.06
0  -0.06  62.06  119538.00
