39  62.00  0.00  299.00
Valor: 54.25
26  7.75  54.25  1801.00
Valor: 54.26
54.50
54.76
55.00
55.00
55.25
55.50
56.00
56.25
56.75
57.00
57.25
57.50
57.75
57.75
58.00
58.25
58.75
59.25
59.75
60.25
60.75
27  7.74  60.75  4302.00
Valor: 60.76
61.00
61.00
4  1.24  61.00  38632.00
Valor: 61.26
61.50
2  0.74  61.50  44573.00
Valor: 61.76
0  0.24  61.76  48795.00
Valor: 62.06
0  -0.06  62.06  51296.00
Valor: 62.06
0  -0.06  62.06  53993.00
Valor: 62.06
0  -0.06  62.06  56830.00
Valor: 62.06
0  -0.06  62.06  59853.00
Valor: 62.06
0  -0.06  62.06  62891.00
Valor: 62.06
0  -0.06  62.06  66036.00
Valor: 62.06
0  -0.06  62.06  69110.00
Valor: 62.06
0  -0.06  62.06  72099.00
Valor: 62.06
0  -0.06  62.06  75158.00
Valor: 62.06
0  -0.06  62.06  78088.00
