.00  1801.00
39  62.00  0.00  299.00
Valor: 51.25
12  10.75  51.25  1801.00
Valor: 51.26
51.25
51.75
52.00
52.50
53.50
53.75
54.00
54.50
54.50
55.00
55.50
56.00
56.25
57.00
57.25
57.50
57.75
58.00
58.25
59.00
59.75
60.25
38  10.74  60.25  4303.00
Valor: 60.76
60.75
61.00
4  1.24  61.00  42748.00
Valor: 61.26
2  0.74  61.26  48710.00
Valor: 61.26
61.50
2  0.74  61.50  52083.00
Valor: 62.06
0  -0.06  62.06  56304.00
Valor: 62.26
1  -0.26  62.26  58805.00
Valor: 62.06
0  -0.06  62.06  62234.00
Valor: 61.76
1  0.24  61.76  64736.00
Valor: 62.06
0  -0.06  62.06  68146.00
Valor: 62.26
1  -0.26  62.26  70970.00
Valor: 61.76
1  0.24  61.76  74669.00
Valor: 62.06
0  -0.06  62.06  77726.00
Valor: 62.06
0  -0.06  62.06  80562.00
Valor: 62.06
0  -0.06  62.06  83769.00
Valor: 62.06
0  -0.06  62.06  86923.00
Valor: 62.06
0  -0.06  62.06  89835.00
Valor: 62.06
0  -0.06  62.06  92899.00
Valor: 62.06
0  -0.06  62.06  95972.00
Valor: 62.06
0  -0.06  62.06  98969.00
Valor: 62.06
0  -0.06  62.06  101994.00
Valor: 62.06
0  -0.06  62.06  105102.00
