39  55.00  0.00  1801.00
39  55.00  0.00  299.00
Valor: 73.50
39  -18.50  73.50  1801.00
Valor: 73.57
73.07
72.50
72.25
72.00
71.00
70.25
70.00
69.50
69.25
68.75
68.25
68.00
67.75
67.50
67.00
66.75
66.50
66.06
65.50
65.25
65.00
64.75
64.25
63.75
63.50
63.00
62.75
62.50
62.00
61.75
61.50
61.00
60.75
39  -18.57  60.75  4303.00
Valor: 60.56
60.25
59.75
59.50
59.06
58.75
58.50
58.25
58.00
57.50
57.25
56.75
56.50
56.25
55.75
15  -5.56  55.75  61736.00
Valor: 55.56
1  -0.56  55.56  86861.00
Valor: 55.26
0  -0.26  55.26  89883.00
Valor: 55.06
0  -0.06  55.06  92386.00
Valor: 55.06
0  -0.06  55.06  95439.00
Valor: 55.26
0  -0.26  55.26  98496.00
Valor: 55.26
0  -0.26  55.26  101562.00
Valor: 55.06
0  -0.06  55.06  104622.00
Valor: 55.06
0  -0.06  55.06  107684.00
Valor: 55.26
0  -0.26  55.26  110609.00
Valor: 55.06
0  -0.06  55.06  113652.00
Valor: 55.06
0  -0.06  55.06  116559.00
Valor: 55.06
0  -0.06  55.06  119335.00
Valor: 55.06
0  -0.06  55.06  122346.00
Valor: 55.06
0  -0.06  55.06  125360.00
Valor: 55.06
0  -0.06  55.06  128406.00
Valor: 55.06
0  -0.06  55.06  131452.00
Valor: 55.06
0  -0.06  55.06  134510.00
Valor: 55.06
0  -0.06  55.06  137424.00
Valor: 55.06
0  -0.06  55.06  140301.00
Valor: 55.06
0  -0.06  55.06  143271.00
Valor: 55.26
0  -0.26  55.26  146390.00
Valor: 55.00
0  0.00  55.00  149830.00
Valor: 55.06
0  -0.06  55.06  152331.00
