39  55.00  0.00  1801.00
39  55.00  0.00  299.00
Valor: 67.00
39  -12.00  67.00  1801.00
Valor: 67.07
66.75
66.50
66.00
65.75
65.25
65.25
64.75
64.50
64.00
63.75
63.50
63.00
62.75
62.25
62.00
61.75
61.25
60.75
60.50
60.25
59.75
59.50
59.00
58.75
58.25
58.00
57.50
57.25
57.00
56.50
56.25
35  -12.07  56.25  4302.00
Valor: 56.06
55.50
2  -1.06  55.50  55804.00
Valor: 55.26
0  -0.26  55.26  60337.00
Valor: 55.26
0  -0.26  55.26  62985.00
Valor: 55.06
0  -0.06  55.06  65921.00
Valor: 55.26
0  -0.26  55.26  69003.00
Valor: 55.26
0  -0.26  55.26  72246.00
Valor: 55.26
0  -0.26  55.26  75431.00
Valor: 55.26
0  -0.26  55.26  78637.00
Valor: 55.26
0  -0.26  55.26  81786.00
Valor: 55.06
0  -0.06  55.06  84969.00
Valor: 55.26
0  -0.26  55.26  88074.00
Valor: 55.06
0  -0.06  55.06  91292.00
Valor: 55.26
0  -0.26  55.26  94585.00
Valor: 55.26
0  -0.26  55.26  97881.00
Valor: 55.26
0  -0.26  55.26  101066.00
Valor: 55.06
0  -0.06  55.06  104012.00
Valor: 55.26
0  -0.26  55.26  107025.00
Valor: 55.06
0  -0.06  55.06  110005.00
