55.00  0.00  1801.00
39  55.00  0.00  299.00
Valor: 65.25
39  -10.25  65.25  1801.00
Valor: 65.25
65.06
64.50
64.00
63.75
63.50
63.25
62.75
62.50
62.25
62.00
61.50
61.25
61.00
60.50
60.25
60.00
59.50
59.25
59.00
58.50
58.00
57.75
57.25
56.75
56.25
29  -10.25  56.25  4303.00
Valor: 56.06
55.75
2  -1.06  55.75  47593.00
Valor: 55.26
0  -0.26  55.26  52125.00
Valor: 55.26
0  -0.26  55.26  54772.00
Valor: 55.26
0  -0.26  55.26  57961.00
Valor: 55.26
0  -0.26  55.26  61206.00
Valor: 55.26
0  -0.26  55.26  64370.00
Valor: 55.26
0  -0.26  55.26  67604.00
Valor: 55.26
0  -0.26  55.26  70760.00
Valor: 55.26
0  -0.26  55.26  73886.00
Valor: 55.26
0  -0.26  55.26  76995.00
Valor: 55.26
0  -0.26  55.26  80180.00
