39  55.00  0.00  1801.00
39  55.00  0.00  299.00
Valor: 67.00
39  -12.00  67.00  1801.00
Valor: 67.07
67.00
66.57
65.50
65.25
65.00
64.75
64.25
64.00
63.75
63.50
63.00
62.50
62.00
61.75
61.50
61.00
60.50
60.00
59.50
59.25
59.00
59.00
58.50
58.25
57.75
57.50
57.00
56.50
56.25
35  -12.07  56.25  4302.00
Valor: 56.06
55.50
2  -1.06  55.50  54699.00
Valor: 55.26
0  -0.26  55.26  59232.00
Valor: 55.06
0  -0.06  55.06  61817.00
Valor: 55.06
0  -0.06  55.06  65065.00
Valor: 55.06
0  -0.06  55.06  68042.00
Valor: 55.06
0  -0.06  55.06  71084.00
Valor: 55.06
0  -0.06  55.06  74218.00
Valor: 55.06
0  -0.06  55.06  77419.00
Valor: 55.06
0  -0.06  55.06  80638.00
Valor: 55.06
0  -0.06  55.06  83878.00
Valor: 55.06
0  -0.06  55.06  86944.00
Valor: 55.06
0  -0.06  55.06  90052.00
Valor: 55.06
0  -0.06  55.06  93062.00
Valor: 55.06
0  -0.06  55.06  96119.00
Valor: 55.06
0  -0.06  55.06  99137.00
Valor: 55.06
0  -0.06  55.06  102281.00
Valor: 55.06
0  -0.06  55.06  105367.00
Valor: 55.06
0  -0.06  55.06  108422.00
Valor: 55.06
0  -0.06  55.06  111581.00
Valor: 55.06
0  -0.06  55.06  114628.00
Valor: 55.06
0  -0.06  55.06  117632.00
Valor: 55.06
0  -0.06  55.06  120592.00
Valor: 55.06
0  -0.06  55.06  123798.00
Valor: 55.06
0  -0.06  55.06  127084.00
Valor: 55.06
0  -0.06  55.06  130036.00
Valor: 55.06
0  -0.06  55.06  133051.00
Valor: 55.06
0  -0.06  55.06  136164.00
Valor: 55.06
0  -0.06  55.06  139136.00
Valor: 55.26
0  -0.26  55.26  142343.00
Valor: 55.26
0  -0.26  55.26  145643.00
Valor: 55.06
0  -0.06  55.06  148899.00
Valor: 55.06
0  -0.06  55.06  151890.00
Valor: 55.06
0  -0.06  55.06  155074.00
Valor: 55.06
0  -0.06  55.06  158182.00
Valor: 55.06
0  -0.06  55.06  161347.00
Valor: 55.06
0  -0.06  55.06  164455.00
