55.00  0.00  1801.00
39  55.00  0.00  299.00
Valor: 71.75
39  -16.75  71.75  1801.00
Valor: 71.76
71.75
71.26
70.75
70.25
70.00
69.75
69.00
68.50
68.25
68.00
67.75
67.25
67.25
66.75
66.25
66.00
65.75
65.50
65.00
64.50
64.00
63.75
63.25
63.00
62.50
62.50
62.00
61.75
61.25
60.75
60.50
60.00
59.50
39  -16.76  59.50  4303.00
Valor: 59.26
58.75
58.25
57.75
57.50
57.25
57.00
56.50
56.00
55.75
12  -4.26  55.75  60877.00
Valor: 55.26
0  -0.26  55.26  78509.00
Valor: 55.06
0  -0.06  55.06  81012.00
Valor: 55.06
0  -0.06  55.06  83642.00
Valor: 55.06
0  -0.06  55.06  86703.00
Valor: 55.06
0  -0.06  55.06  89841.00
Valor: 55.06
0  -0.06  55.06  92926.00
Valor: 55.06
0  -0.06  55.06  95921.00
Valor: 55.06
0  -0.06  55.06  98997.00
Valor: 55.06
0  -0.06  55.06  102045.00
Valor: 55.06
0  -0.06  55.06  105017.00
Valor: 55.06
0  -0.06  55.06  108044.00
Valor: 55.06
0  -0.06  55.06  111070.00
Valor: 55.06
0  -0.06  55.06  114173.00
Valor: 55.06
0  -0.06  55.06  117301.00
Valor: 55.06
0  -0.06  55.06  120305.00
Valor: 55.06
0  -0.06  55.06  123428.00
Valor: 55.06
0  -0.06  55.06  126541.00
Valor: 55.06
0  -0.06  55.06  129538.00
Valor: 55.06
0  -0.06  55.06  132517.00
Valor: 55.06
0  -0.06  55.06  135582.00
Valor: 55.06
0  -0.06  55.06  138802.00
Valor: 55.06
0  -0.06  55.06  141850.00
Valor: 55.06
0  -0.06  55.06  144850.00
Valor: 55.06
0  -0.06  55.06  147987.00
Valor: 55.06
0  -0.06  55.06  151227.00
Valor: 55.06
0  -0.06  55.06  154425.00
Valor: 55.06
0  -0.06  55.06  157670.00
Valor: 55.06
0  -0.06  55.06  160851.00
Valor: 55.06
0  -0.06  55.06  164085.00
Valor: 55.00
0  0.00  55.00  167376.00
Valor: 55.06
0  -0.06  55.06  169877.00
Valor: 55.06
0  -0.06  55.06  172670.00
Valor: 55.06
0  -0.06  55.06  175733.00
Valor: 55.06
0  -0.06  55.06  178572.00
Valor: 55.06
0  -0.06  55.06  181597.00
Valor: 55.06
0  -0.06  55.06  184556.00
Valor: 55.06
0  -0.06  55.06  187596.00
Valor: 55.26
0  -0.26  55.26  190698.00
Valor: 55.06
0  -0.06  55.06  193798.00
Valor: 55.06
0  -0.06  55.06  196921.00
Valor: 55.06
0  -0.06  55.06  199998.00
Valor: 55.06
0  -0.06  55.06  203236.00
Valor: 55.06
0  -0.06  55.06  206458.00
Valor: 55.06
0  -0.06  55.06  209475.00
Valor: 55.06
0  -0.06  55.06  212543.00
Valor: 55.06
0  -0.06  55.06  215721.00
Valor: 55.06
0  -0.06  55.06  218858.00
Valor: 55.06
0  -0.06  55.06  221874.00
Valor: 55.06
0  -0.06  55.06  224866.00
Valor: 55.06
0  -0.06  55.06  227991.00
