39  55.00  0.00  1801.00
39  55.00  0.00  299.00
Valor: 70.25
39  -15.25  70.25  1801.00
Valor: 70.26
70.25
69.75
69.25
69.00
68.75
68.50
68.00
67.75
67.50
67.00
66.50
66.25
65.75
65.25
65.00
64.75
64.25
64.00
63.75
63.50
63.00
62.50
62.25
62.00
61.75
61.25
61.06
60.50
60.00
59.50
59.25
58.75
58.50
58.25
58.00
39  -15.26  58.00  4303.00
Valor: 57.76
57.25
56.75
56.25
56.00
55.75
55.50
55.00
9  -2.76  55.00  62939.00
Valor: 54.76
1  0.24  54.76  77041.00
Valor: 54.76
0  0.24  54.76  79951.00
Valor: 54.76
0  0.24  54.76  82806.00
Valor: 54.76
0  0.24  54.76  85837.00
Valor: 54.76
0  0.24  54.76  88818.00
Valor: 54.76
0  0.24  54.76  91864.00
Valor: 54.76
0  0.24  54.76  94969.00
Valor: 54.76
0  0.24  54.76  98146.00
Valor: 54.76
0  0.24  54.76  101370.00
Valor: 54.76
0  0.24  54.76  104602.00
Valor: 54.76
0  0.24  54.76  107825.00
