55.00  0.00  1801.00
39  55.00  0.00  299.00
Valor: 64.25
39  -9.25  64.25  1801.00
Valor: 64.26
64.25
63.75
63.75
63.25
62.75
62.25
61.75
61.75
61.26
60.75
60.50
60.00
59.50
59.25
59.06
58.25
58.00
57.75
57.50
57.25
56.75
56.25
56.00
55.50
55.50
55.25
55.00
54.75
32  -9.26  54.75  4302.00
Valor: 54.26
54.00
2  0.74  54.00  53281.00
Valor: 54.55
1  0.45  54.55  57502.00
Valor: 54.76
0  0.24  54.76  60605.00
Valor: 54.76
0  0.24  54.76  63125.00
Valor: 54.76
0  0.24  54.76  66141.00
Valor: 54.76
0  0.24  54.76  69110.00
Valor: 54.76
0  0.24  54.76  72110.00
Valor: 54.76
0  0.24  54.76  75317.00
Valor: 54.76
0  0.24  54.76  78366.00
Valor: 54.76
0  0.24  54.76  81397.00
Valor: 54.76
0  0.24  54.76  84625.00
