5.00  0.00  1801.00
39  55.00  0.00  299.00
39  55.00  0.00  1801.00
Valor: 68.00
68.07
67.25
67.00
66.50
66.25
65.75
65.50
65.00
64.75
64.50
64.00
63.50
63.50
63.00
62.50
62.25
62.00
61.75
61.25
60.75
60.75
60.25
59.75
59.50
59.25
59.00
58.75
58.25
58.00
57.75
57.50
57.00
56.76
56.00
55.50
39  -13.00  55.50  3302.00
Valor: 55.26
0  -0.26  55.26  62670.00
Valor: 55.26
0  -0.26  55.26  65173.00
Valor: 55.26
0  -0.26  55.26  68014.00
Valor: 55.26
0  -0.26  55.26  70879.00
Valor: 55.26
0  -0.26  55.26  73845.00
Valor: 55.26
0  -0.26  55.26  76707.00
Valor: 55.26
0  -0.26  55.26  79511.00
Valor: 55.26
0  -0.26  55.26  82342.00
Valor: 55.26
0  -0.26  55.26  85223.00
Valor: 55.26
0  -0.26  55.26  88046.00
Valor: 55.26
0  -0.26  55.26  91139.00
Valor: 55.26
0  -0.26  55.26  94302.00
