39  55.00  0.00  1801.00
39  55.00  0.00  299.00
Valor: 67.75
39  -12.75  67.75  1801.00
Valor: 67.76
67.76
67.25
66.06
65.75
65.50
65.25
64.75
64.50
64.00
63.75
63.50
63.25
62.75
62.50
62.00
62.00
61.50
61.25
61.00
60.50
60.25
60.06
59.50
59.25
58.75
58.50
58.00
57.75
57.50
57.00
56.75
56.25
56.00
56.00
39  -12.76  56.00  4303.00
Valor: 55.56
1  -0.56  55.56  63669.00
Valor: 55.26
0  -0.26  55.26  66692.00
Valor: 55.06
0  -0.06  55.06  69195.00
Valor: 54.76
1  0.24  54.76  71908.00
Valor: 55.26
1  -0.26  55.26  75244.00
Valor: 55.06
0  -0.06  55.06  78411.00
Valor: 54.76
1  0.24  54.76  80914.00
Valor: 55.06
0  -0.06  55.06  83995.00
Valor: 55.26
0  -0.26  55.26  86659.00
Valor: 55.06
0  -0.06  55.06  89607.00
Valor: 55.06
0  -0.06  55.06  92748.00
Valor: 55.26
0  -0.26  55.26  95753.00
Valor: 55.06
0  -0.06  55.06  98754.00
Valor: 55.26
0  -0.26  55.26  101779.00
Valor: 55.26
0  -0.26  55.26  104817.00
Valor: 55.06
0  -0.06  55.06  107844.00
Valor: 55.26
0  -0.26  55.26  110956.00
Valor: 55.26
0  -0.26  55.26  114007.00
Valor: 55.26
0  -0.26  55.26  117063.00
Valor: 55.26
0  -0.26  55.26  120098.00
Valor: 55.26
0  -0.26  55.26  123195.00
