39  55.00  0.00  299.00
Valor: 73.07
39  -18.07  73.07  1801.00
Valor: 73.07
72.50
72.00
71.75
71.50
71.25
70.50
70.25
70.00
69.75
69.25
68.50
68.25
68.25
67.75
67.50
67.00
66.75
66.25
66.00
65.50
65.00
64.75
64.25
64.00
63.75
63.50
63.25
62.75
62.50
62.25
62.00
61.50
61.25
60.75
39  -18.07  60.75  5168.00
Valor: 60.56
59.75
59.50
59.00
58.75
58.50
58.25
57.75
57.50
57.25
56.75
56.25
56.00
55.50
55.56
55.00
54.75
54.25
19  -5.56  54.25  62125.00
Valor: 54.05
54.00
3  0.95  54.00  92300.00
Valor: 54.26
2  0.74  54.26  96889.00
Valor: 54.76
0  0.24  54.76  100111.00
Valor: 55.06
0  -0.06  55.06  102614.00
Valor: 55.06
0  -0.06  55.06  105555.00
Valor: 55.06
0  -0.06  55.06  108722.00
Valor: 55.06
0  -0.06  55.06  111774.00
Valor: 55.06
0  -0.06  55.06  114824.00
Valor: 55.06
0  -0.06  55.06  117768.00
Valor: 55.06
0  -0.06  55.06  120791.00
Valor: 55.06
0  -0.06  55.06  123979.00
Valor: 55.06
0  -0.06  55.06  127266.00
