0  1801.00
39  55.00  0.00  299.00
Valor: 66.26
22  -11.26  66.26  1801.00
Valor: 66.26
66.00
65.50
65.00
64.75
64.50
64.00
63.75
63.50
63.25
62.75
62.50
62.25
61.75
61.50
61.25
60.75
60.50
60.25
60.00
59.50
22  -11.26  59.50  4987.00
Valor: 59.06
58.50
58.25
58.00
57.50
57.25
56.75
56.50
8  -4.06  56.50  39605.00
Valor: 56.06
55.50
55.25
2  -1.06  55.25  53706.00
Valor: 55.05
0  -0.05  55.05  59748.00
Valor: 54.76
0  0.24  54.76  62255.00
Valor: 54.76
0  0.24  54.76  65431.00
Valor: 54.76
0  0.24  54.76  68618.00
Valor: 54.76
0  0.24  54.76  71762.00
Valor: 54.76
0  0.24  54.76  74741.00
Valor: 54.76
0  0.24  54.76  77771.00
Valor: 54.76
0  0.24  54.76  80783.00
