.00  0.00  1801.00
39  55.00  0.00  299.00
Valor: 73.25
36  -18.25  73.25  1801.00
Valor: 73.26
73.25
73.00
72.75
72.25
72.00
71.50
71.25
70.75
70.50
70.25
69.76
69.25
69.00
68.50
68.25
68.00
67.75
67.50
67.00
66.75
66.50
66.25
65.75
65.50
65.00
64.75
64.50
64.25
63.75
63.50
63.26
62.75
62.25
62.00
61.75
36  -18.26  61.75  4303.00
Valor: 61.26
61.00
60.75
60.50
60.00
59.75
59.50
59.00
58.75
58.25
58.00
57.75
57.50
12  -6.26  57.50  62572.00
Valor: 57.06
56.75
56.26
4  -2.06  56.26  83715.00
Valor: 55.76
55.25
1  -0.76  55.25  92597.00
Valor: 55.05
0  -0.05  55.05  97129.00
Valor: 54.55
0  0.45  54.55  99631.00
Valor: 54.55
0  0.45  54.55  102343.00
Valor: 54.55
0  0.45  54.55  105463.00
Valor: 54.55
0  0.45  54.55  108551.00
Valor: 54.55
0  0.45  54.55  111588.00
Valor: 54.55
0  0.45  54.55  114622.00
Valor: 54.55
0  0.45  54.55  117615.00
Valor: 54.55
0  0.45  54.55  120745.00
Valor: 54.55
0  0.45  54.55  123721.00
Valor: 54.55
0  0.45  54.55  126745.00
Valor: 54.55
0  0.45  54.55  129534.00
Valor: 54.55
0  0.45  54.55  132362.00
Valor: 54.55
0  0.45  54.55  135183.00
Valor: 54.55
0  0.45  54.55  137998.00
