39  55.00  0.00  299.00
Valor: 72.00
34  -17.00  72.00  1801.00
Valor: 72.07
71.75
71.26
70.25
69.50
69.00
68.50
68.50
68.00
67.75
67.25
67.00
66.50
66.25
66.06
65.50
64.75
64.50
64.25
64.00
63.75
63.25
63.00
62.50
62.25
61.75
61.50
61.25
34  -17.07  61.25  4302.00
Valor: 60.76
60.50
60.25
59.75
59.50
58.75
58.50
58.00
57.75
57.50
57.25
11  -5.76  57.25  53847.00
Valor: 56.76
56.50
56.00
3  -1.76  56.00  72479.00
Valor: 55.76
55.25
1  -0.76  55.25  79032.00
Valor: 55.05
0  -0.05  55.05  83563.00
Valor: 54.76
0  0.24  54.76  87025.00
Valor: 54.76
0  0.24  54.76  89947.00
Valor: 54.76
0  0.24  54.76  92919.00
Valor: 54.76
0  0.24  54.76  96121.00
Valor: 54.76
0  0.24  54.76  99186.00
Valor: 54.76
0  0.24  54.76  102403.00
Valor: 54.76
0  0.24  54.76  105494.00
Valor: 54.76
0  0.24  54.76  108645.00
