39  55.00  0.00  299.00
Valor: 78.00
39  -23.00  78.00  1801.00
Valor: 78.08
77.50
77.25
76.75
76.25
76.00
75.75
75.25
74.75
74.25
74.00
73.50
73.25
72.75
72.50
72.26
71.75
71.50
71.00
70.75
70.25
69.75
69.00
68.75
68.50
68.00
67.75
67.25
67.00
66.50
66.50
66.00
65.75
65.25
64.75
64.50
39  -23.08  64.50  4302.00
Valor: 64.26
64.00
63.75
63.25
63.00
62.50
62.25
62.00
61.50
61.25
60.75
60.50
60.25
59.75
59.50
59.25
59.00
58.50
58.00
18  -9.26  58.00  63489.00
Valor: 57.76
57.50
57.00
56.75
56.25
5  -2.76  56.25  93689.00
Valor: 55.76
1  -0.76  55.76  103446.00
Valor: 55.56
55.00
1  -0.56  55.00  106987.00
Valor: 54.76
0  0.24  54.76  111519.00
Valor: 54.55
0  0.45  54.55  114021.00
Valor: 54.55
0  0.45  54.55  116908.00
Valor: 54.55
0  0.45  54.55  119987.00
Valor: 54.55
0  0.45  54.55  122962.00
Valor: 54.55
0  0.45  54.55  126023.00
Valor: 54.55
0  0.45  54.55  128984.00
Valor: 54.55
0  0.45  54.55  132135.00
Valor: 54.55
0  0.45  54.55  135360.00
Valor: 54.55
0  0.45  54.55  138555.00
Valor: 54.55
0  0.45  54.55  141658.00
Valor: 54.55
0  0.45  54.55  144745.00
Valor: 54.55
0  0.45  54.55  147766.00
Valor: 54.55
0  0.45  54.55  151003.00
Valor: 54.55
0  0.45  54.55  154160.00
Valor: 54.55
0  0.45  54.55  157310.00
Valor: 54.55
0  0.45  54.55  160261.00
Valor: 54.55
0  0.45  54.55  163218.00
Valor: 54.55
0  0.45  54.55  166220.00
Valor: 54.55
0  0.45  54.55  169245.00
Valor: 54.55
0  0.45  54.55  172430.00
Valor: 54.55
0  0.45  54.55  175545.00
Valor: 54.55
0  0.45  54.55  178379.00
Valor: 54.55
0  0.45  54.55  181309.00
Valor: 54.55
0  0.45  54.55  184464.00
Valor: 54.55
0  0.45  54.55  187556.00
Valor: 54.55
0  0.45  54.55  190630.00
Valor: 54.55
0  0.45  54.55  193556.00
Valor: 54.55
0  0.45  54.55  196597.00
Valor: 54.55
0  0.45  54.55  199814.00
