0.00  1801.00
39  55.00  0.00  299.00
Valor: 66.75
23  -11.75  66.75  1801.00
Valor: 66.76
66.25
66.00
65.50
65.00
64.50
64.25
63.75
63.50
63.25
62.75
62.56
61.75
61.25
61.00
60.75
60.25
60.00
59.50
23  -11.76  59.50  4303.00
Valor: 59.06
58.75
58.50
58.00
57.75
57.50
57.00
56.75
56.50
8  -4.06  56.50  38293.00
Valor: 56.26
56.00
55.75
2  -1.26  55.75  53394.00
Valor: 55.56
55.00
1  -0.56  55.00  59436.00
Valor: 54.76
0  0.24  54.76  63968.00
Valor: 54.26
1  0.74  54.26  66469.00
Valor: 54.55
0  0.45  54.55  70042.00
Valor: 54.76
0  0.24  54.76  72543.00
Valor: 54.76
0  0.24  54.76  75518.00
Valor: 54.76
0  0.24  54.76  78667.00
Valor: 54.76
0  0.24  54.76  81823.00
Valor: 55.05
0  -0.05  55.05  84978.00
Valor: 54.76
0  0.24  54.76  88201.00
Valor: 54.76
0  0.24  54.76  91310.00
Valor: 54.76
0  0.24  54.76  94472.00
Valor: 54.76
0  0.24  54.76  97753.00
