39  55.00  0.00  299.00
Valor: 75.75
39  -20.75  75.75  1801.00
Valor: 75.76
75.50
75.25
74.75
74.75
74.00
73.50
73.00
72.50
72.00
71.75
71.50
71.00
70.75
70.25
70.00
69.50
69.00
68.50
68.25
67.75
67.50
67.25
66.75
66.50
65.75
65.50
65.25
65.00
64.75
64.25
64.00
63.50
39  -20.76  63.50  4303.00
Valor: 63.06
62.50
62.25
62.00
61.75
61.25
61.00
60.50
60.00
59.75
59.25
59.00
58.75
58.50
58.25
57.75
57.25
57.25
56.75
56.25
56.00
55.75
55.50
55.00
26  -8.06  55.00  59330.00
Valor: 54.76
1  0.24  54.76  98101.00
Valor: 54.26
2  0.74  54.26  100964.00
Valor: 54.76
0  0.24  54.76  104268.00
Valor: 55.06
0  -0.06  55.06  106874.00
Valor: 55.26
0  -0.26  55.26  110158.00
Valor: 55.06
0  -0.06  55.06  113362.00
Valor: 55.06
0  -0.06  55.06  116519.00
Valor: 55.06
0  -0.06  55.06  119613.00
Valor: 55.06
0  -0.06  55.06  122626.00
Valor: 55.06
0  -0.06  55.06  125914.00
Valor: 55.06
0  -0.06  55.06  129269.00
Valor: 55.06
0  -0.06  55.06  132410.00
Valor: 55.06
0  -0.06  55.06  135464.00
Valor: 55.06
0  -0.06  55.06  138747.00
