.00  0.00  1801.00
39  55.00  0.00  299.00
Valor: 73.00
39  -18.00  73.00  1801.00
Valor: 73.07
72.00
70.75
70.25
70.00
69.50
69.25
68.75
68.25
68.00
67.50
67.25
66.75
66.25
65.75
65.50
65.25
64.75
64.25
64.00
63.75
63.25
63.00
62.50
62.25
62.00
61.50
61.00
60.50
39  -18.07  60.50  4302.00
Valor: 60.26
59.75
59.25
59.00
58.75
58.25
57.75
57.50
57.00
56.75
56.50
56.00
55.75
16  -5.26  55.75  55335.00
Valor: 55.26
0  -0.26  55.26  78014.00
Valor: 55.05
0  -0.05  55.05  80518.00
Valor: 54.76
0  0.24  54.76  83152.00
Valor: 54.76
0  0.24  54.76  86194.00
Valor: 54.76
0  0.24  54.76  89229.00
Valor: 54.76
0  0.24  54.76  92428.00
Valor: 54.76
0  0.24  54.76  95541.00
Valor: 54.76
0  0.24  54.76  98625.00
Valor: 54.76
0  0.24  54.76  101811.00
Valor: 54.76
0  0.24  54.76  104979.00
Valor: 54.76
0  0.24  54.76  108147.00
Valor: 54.76
0  0.24  54.76  111350.00
Valor: 55.05
0  -0.05  55.05  114495.00
Valor: 54.76
0  0.24  54.76  117767.00
Valor: 54.76
0  0.24  54.76  120872.00
Valor: 55.05
0  -0.05  55.05  124115.00
Valor: 54.76
0  0.24  54.76  127126.00
Valor: 54.76
0  0.24  54.76  130084.00
Valor: 54.76
0  0.24  54.76  133158.00
Valor: 54.76
0  0.24  54.76  136231.00
