39  55.00  0.00  299.00
Valor: 65.00
39  -10.00  65.00  1801.00
Valor: 65.06
64.75
64.25
64.00
63.75
63.25
63.00
62.75
62.25
61.75
61.25
61.00
60.50
60.25
60.00
59.50
59.25
59.00
58.75
58.25
58.00
57.50
57.25
57.00
56.56
56.00
55.25
55.25
54.75
33  -10.06  54.75  4302.00
Valor: 54.26
2  0.74  54.26  52731.00
Valor: 54.26
2  0.74  54.26  56004.00
Valor: 54.76
0  0.24  54.76  59226.00
Valor: 55.26
1  -0.26  55.26  61727.00
Valor: 55.05
0  -0.05  55.05  65443.00
Valor: 54.76
1  0.24  54.76  68063.00
Valor: 55.06
0  -0.06  55.06  71365.00
Valor: 55.26
0  -0.26  55.26  74260.00
Valor: 55.26
0  -0.26  55.26  77470.00
Valor: 55.06
0  -0.06  55.06  80710.00
Valor: 55.06
0  -0.06  55.06  83866.00
Valor: 55.26
0  -0.26  55.26  87088.00
Valor: 55.06
0  -0.06  55.06  90199.00
Valor: 55.06
0  -0.06  55.06  93235.00
Valor: 55.06
0  -0.06  55.06  96286.00
Valor: 55.06
0  -0.06  55.06  99272.00
Valor: 55.26
0  -0.26  55.26  102447.00
Valor: 55.06
0  -0.06  55.06  105616.00
