39  55.00  0.00  299.00
Valor: 74.25
39  -19.25  74.25  1801.00
Valor: 74.26
74.00
74.00
73.50
73.26
72.50
72.25
72.00
70.75
70.00
68.75
68.50
68.25
68.00
67.25
67.00
66.75
66.25
65.75
65.50
65.00
65.00
64.50
64.25
64.00
63.50
63.25
63.00
62.50
62.25
62.00
61.50
39  -19.26  61.50  4303.00
Valor: 61.26
61.00
60.25
60.00
59.76
59.00
59.00
58.50
58.50
57.76
57.25
57.00
56.50
56.00
55.75
55.50
55.25
20  -6.26  55.25  58858.00
Valor: 54.76
1  0.24  54.76  89516.00
Valor: 54.55
1  0.45  54.55  92379.00
Valor: 54.76
0  0.24  54.76  95241.00
Valor: 55.06
0  -0.06  55.06  97750.00
Valor: 55.06
0  -0.06  55.06  100985.00
Valor: 55.06
0  -0.06  55.06  104244.00
Valor: 55.06
0  -0.06  55.06  107543.00
Valor: 55.06
0  -0.06  55.06  110616.00
Valor: 55.06
0  -0.06  55.06  113659.00
Valor: 55.06
0  -0.06  55.06  116683.00
Valor: 55.06
0  -0.06  55.06  119645.00
Valor: 55.06
0  -0.06  55.06  122747.00
Valor: 55.06
0  -0.06  55.06  125746.00
Valor: 55.06
0  -0.06  55.06  128764.00
Valor: 55.06
0  -0.06  55.06  131896.00
Valor: 55.06
0  -0.06  55.06  134988.00
Valor: 55.26
0  -0.26  55.26  137971.00
Valor: 55.06
0  -0.06  55.06  140944.00
Valor: 55.06
0  -0.06  55.06  143972.00
Valor: 55.06
0  -0.06  55.06  147027.00
Valor: 55.06
0  -0.06  55.06  150148.00
Valor: 55.06
0  -0.06  55.06  153154.00
Valor: 55.06
0  -0.06  55.06  156271.00
Valor: 55.06
0  -0.06  55.06  159386.00
Valor: 55.06
0  -0.06  55.06  162510.00
Valor: 55.06
0  -0.06  55.06  165597.00
