  55.00  0.00  1801.00
39  55.00  0.00  299.00
Valor: 65.25
39  -10.25  65.25  1801.00
Valor: 65.26
65.25
65.00
64.75
64.25
64.00
63.50
63.25
63.00
62.75
62.25
62.00
61.75
61.50
61.25
60.75
60.25
60.00
59.75
59.25
58.75
58.50
58.25
57.75
57.50
57.25
57.00
56.50
56.25
55.75
55.50
55.25
33  -10.26  55.25  4303.00
Valor: 54.76
1  0.24  54.76  54790.00
Valor: 54.76
0  0.24  54.76  57653.00
Valor: 55.06
0  -0.06  55.06  60154.00
Valor: 55.06
0  -0.06  55.06  62876.00
Valor: 55.06
0  -0.06  55.06  65765.00
Valor: 55.06
0  -0.06  55.06  68709.00
Valor: 55.06
0  -0.06  55.06  71708.00
Valor: 55.06
0  -0.06  55.06  74773.00
Valor: 55.06
0  -0.06  55.06  77790.00
Valor: 55.06
0  -0.06  55.06  80953.00
Valor: 55.06
0  -0.06  55.06  84004.00
Valor: 55.06
0  -0.06  55.06  87159.00
