39  62.00  0.00  299.00
Valor: 52.00
3  10.00  52.00  1801.00
Valor: 52.05
52.25
52.50
53.25
54.00
54.25
54.25
54.50
54.75
55.25
55.50
56.00
56.75
57.25
57.00
57.50
57.75
57.75
58.26
58.75
59.50
59.75
60.25
60.75
60.75
37  9.95  60.75  4302.00
Valor: 61.06
61.25
3  0.94  61.25  45509.00
Valor: 61.56
1  0.44  61.56  50092.00
Valor: 61.76
0  0.24  61.76  52954.00
Valor: 62.06
0  -0.06  62.06  55455.00
Valor: 62.06
0  -0.06  62.06  58389.00
Valor: 62.26
1  -0.26  62.26  61281.00
Valor: 62.06
0  -0.06  62.06  64670.00
Valor: 61.76
1  0.24  61.76  67172.00
Valor: 61.76
0  0.24  61.76  70168.00
Valor: 62.06
0  -0.06  62.06  72765.00
Valor: 62.26
1  -0.26  62.26  75898.00
Valor: 61.76
1  0.24  61.76  79434.00
Valor: 61.76
0  0.24  61.76  82424.00
Valor: 62.06
0  -0.06  62.06  85215.00
Valor: 62.06
0  -0.06  62.06  88345.00
Valor: 62.06
0  -0.06  62.06  91427.00
Valor: 62.06
0  -0.06  62.06  94476.00
Valor: 62.06
0  -0.06  62.06  97572.00
Valor: 62.06
0  -0.06  62.06  100655.00
Valor: 62.06
0  -0.06  62.06  103747.00
Valor: 61.76
1  0.24  61.76  106774.00
Valor: 62.56
61.75
2  -0.56  61.75  110205.00
Valor: 61.56
1  0.44  61.56  114891.00
Valor: 61.56
1  0.44  61.56  117753.00
Valor: 61.76
0  0.24  61.76  120614.00
Valor: 62.26
1  -0.26  62.26  123150.00
Valor: 61.76
1  0.24  61.76  126689.00
