39  62.00  0.00  299.00
Valor: 50.75
8  11.25  50.75  1801.00
51.00
51.00
51.50
51.75
52.00
52.25
52.75
53.50
54.00
54.00
54.50
54.50
55.00
55.50
55.75
56.00
56.50
57.25
57.50
57.50
57.75
58.00
58.00
58.50
58.75
59.25
59.75
39  11.25  59.75  4302.00
Valor: 60.26
60.75
61.00
61.00
6  1.74  61.00  46844.00
Valor: 61.26
61.50
2  0.74  61.50  54507.00
Valor: 61.76
0  0.24  61.76  58731.00
Valor: 61.76
0  0.24  61.76  61309.00
Valor: 61.76
0  0.24  61.76  64369.00
Valor: 62.06
0  -0.06  62.06  67384.00
Valor: 61.76
1  0.24  61.76  70384.00
Valor: 62.26
1  -0.26  62.26  73831.00
Valor: 61.76
1  0.24  61.76  77189.00
Valor: 62.26
1  -0.26  62.26  80154.00
Valor: 61.76
1  0.24  61.76  83361.00
Valor: 61.76
0  0.24  61.76  86223.00
Valor: 62.06
0  -0.06  62.06  88724.00
Valor: 62.06
0  -0.06  62.06  91411.00
Valor: 62.06
0  -0.06  62.06  94427.00
Valor: 62.06
0  -0.06  62.06  97336.00
Valor: 62.06
0  -0.06  62.06  100446.00
Valor: 62.06
0  -0.06  62.06  103528.00
Valor: 62.26
1  -0.26  62.26  106631.00
Valor: 61.76
1  0.24  61.76  110337.00
Valor: 62.06
0  -0.06  62.06  113307.00
Valor: 61.76
1  0.24  61.76  116134.00
