39  62.00  0.00  299.00
Valor: 54.00
5  8.00  54.00  1801.00
Valor: 54.05
54.25
54.25
54.75
55.00
55.25
55.75
56.25
56.50
57.25
57.25
57.75
57.75
58.25
58.50
59.00
59.75
60.25
60.50
60.75
30  7.95  60.75  4302.00
Valor: 61.06
61.25
3  0.94  61.25  37065.00
Valor: 61.56
1  0.44  61.56  41672.00
Valor: 62.06
0  -0.06  62.06  44685.00
Valor: 62.06
0  -0.06  62.06  47398.00
Valor: 62.06
0  -0.06  62.06  50422.00
Valor: 61.76
1  0.24  61.76  53447.00
Valor: 62.26
1  -0.26  62.26  56834.00
Valor: 61.76
1  0.24  61.76  60027.00
Valor: 62.26
1  -0.26  62.26  62987.00
Valor: 61.76
1  0.24  61.76  66258.00
Valor: 62.06
0  -0.06  62.06  69245.00
Valor: 62.26
1  -0.26  62.26  71960.00
Valor: 61.56
1  0.44  61.56  75546.00
Valor: 62.06
0  -0.06  62.06  78411.00
Valor: 62.06
0  -0.06  62.06  81201.00
Valor: 61.76
1  0.24  61.76  84369.00
Valor: 62.26
1  -0.26  62.26  87682.00
Valor: 61.76
1  0.24  61.76  90893.00
Valor: 62.06
0  -0.06  62.06  93817.00
Valor: 62.26
1  -0.26  62.26  96570.00
Valor: 62.26
0  -0.26  62.26  100122.00
Valor: 61.76
1  0.24  61.76  102700.00
Valor: 62.06
0  -0.06  62.06  106076.00
Valor: 62.06
0  -0.06  62.06  108692.00
Valor: 62.06
0  -0.06  62.06  111830.00
Valor: 62.26
1  -0.26  62.26  114953.00
Valor: 61.76
1  0.24  61.76  118422.00
Valor: 61.76
0  0.24  61.76  121285.00
Valor: 62.06
0  -0.06  62.06  123846.00
Valor: 62.06
0  -0.06  62.06  126936.00
Valor: 61.76
1  0.24  61.76  129969.00
Valor: 62.26
1  -0.26  62.26  133325.00
Valor: 62.26
0  -0.26  62.26  136363.00
Valor: 62.06
0  -0.06  62.06  138866.00
Valor: 61.76
1  0.24  61.76  141812.00
Valor: 62.06
0  -0.06  62.06  145314.00
Valor: 62.26
1  -0.26  62.26  148045.00
Valor: 61.76
1  0.24  61.76  151479.00
