39  62.00  0.00  299.00
39  62.00  0.00  1801.00
Valor: 53.26
52.75
2  8.74  52.75  3302.00
Valor: 52.26
52.50
52.75
53.50
54.00
54.00
54.50
54.50
54.75
55.00
55.50
55.75
56.25
57.00
57.25
57.50
57.75
58.00
58.25
58.50
59.00
59.75
60.00
60.50
60.50
60.75
61.00
37  9.74  61.00  8437.00
Valor: 61.26
2  0.74  61.26  50271.00
Valor: 61.56
1  0.44  61.56  53666.00
Valor: 61.76
0  0.24  61.76  56527.00
Valor: 61.76
0  0.24  61.76  59133.00
Valor: 62.06
0  -0.06  62.06  62074.00
Valor: 62.06
0  -0.06  62.06  65011.00
Valor: 62.06
0  -0.06  62.06  68012.00
Valor: 62.06
0  -0.06  62.06  70874.00
Valor: 62.06
0  -0.06  62.06  73996.00
Valor: 62.06
0  -0.06  62.06  77079.00
Valor: 62.06
0  -0.06  62.06  80080.00
Valor: 61.76
1  0.24  61.76  83084.00
Valor: 62.26
1  -0.26  62.26  86384.00
Valor: 61.76
1  0.24  61.76  89492.00
Valor: 62.26
1  -0.26  62.26  92506.00
Valor: 62.06
0  -0.06  62.06  95760.00
Valor: 61.76
1  0.24  61.76  98344.00
Valor: 62.06
0  -0.06  62.06  101729.00
Valor: 62.06
0  -0.06  62.06  104516.00
Valor: 62.06
0  -0.06  62.06  107444.00
Valor: 62.06
0  -0.06  62.06  110504.00
Valor: 62.06
0  -0.06  62.06  113659.00
Valor: 62.26
1  -0.26  62.26  116727.00
Valor: 61.76
1  0.24  61.76  120347.00
Valor: 61.76
0  0.24  61.76  123209.00
Valor: 62.06
0  -0.06  62.06  125711.00
Valor: 62.06
0  -0.06  62.06  128692.00
Valor: 62.06
0  -0.06  62.06  131708.00
Valor: 62.06
0  -0.06  62.06  134740.00
Valor: 62.06
0  -0.06  62.06  137853.00
Valor: 62.06
0  -0.06  62.06  140963.00
Valor: 62.06
0  -0.06  62.06  143985.00
Valor: 62.06
0  -0.06  62.06  146989.00
Valor: 62.06
0  -0.06  62.06  149947.00
Valor: 62.06
0  -0.06  62.06  153054.00
