  62.00  0.00  1801.00
.00  62.00  528355.00
0  0.00  62.00  529856.00
0  0.00  62.00  531358.00
39  62.00  0.00  299.00
39  62.00  0.00  1801.00
39  62.00  0.00  299.00
Valor: 51.25
6  10.75  51.25  1801.00
Valor: 51.26
51.25
51.75
51.75
52.00
52.50
52.75
53.50
54.00
54.25
54.50
54.75
55.25
55.25
56.00
56.75
57.25
57.50
57.75
58.00
58.25
58.75
59.25
59.75
60.50
39  10.74  60.50  4302.00
Valor: 61.06
61.00
3  0.94  61.00  45119.00
Valor: 61.06
61.50
3  0.94  61.50  49868.00
Valor: 61.76
0  0.24  61.76  54632.00
Valor: 61.76
0  0.24  61.76  57388.00
Valor: 61.76
0  0.24  61.76  60560.00
Valor: 61.76
0  0.24  61.76  63749.00
Valor: 61.76
0  0.24  61.76  66930.00
Valor: 61.76
0  0.24  61.76  70393.00
Valor: 61.76
0  0.24  61.76  73576.00
Valor: 61.76
0  0.24  61.76  76667.00
Valor: 61.76
0  0.24  61.76  79627.00
Valor: 61.76
0  0.24  61.76  82661.00
