2.00  0.00  1801.00
39  62.00  0.00  299.00
Valor: 49.75
15  12.25  49.75  1801.00
Valor: 49.55
49.75
50.50
50.75
51.25
51.25
51.50
52.00
52.00
52.75
53.00
53.75
54.00
54.25
54.50
54.75
55.25
55.50
56.25
56.75
57.00
57.50
57.50
57.75
58.00
58.25
39  12.45  58.25  4303.00
Valor: 58.56
59.25
59.75
60.25
60.50
60.75
60.75
61.00
61.25
13  3.44  61.25  45862.00
Valor: 61.56
1  0.44  61.56  61078.00
Valor: 62.06
0  -0.06  62.06  63940.00
Valor: 62.56
2  -0.56  62.56  66441.00
Valor: 62.26
0  -0.26  62.26  70254.00
Valor: 61.56
2  0.44  61.56  72757.00
Valor: 61.76
0  0.24  61.76  76234.00
Valor: 62.26
1  -0.26  62.26  78735.00
Valor: 61.76
1  0.24  61.76  81992.00
Valor: 62.06
0  -0.06  62.06  84943.00
Valor: 62.06
0  -0.06  62.06  87666.00
Valor: 62.06
0  -0.06  62.06  90760.00
Valor: 62.06
0  -0.06  62.06  93903.00
Valor: 62.06
0  -0.06  62.06  97075.00
Valor: 62.06
0  -0.06  62.06  100239.00
Valor: 62.26
1  -0.26  62.26  103326.00
Valor: 61.56
