.00  1801.00
39  62.00  0.00  299.00
Valor: 50.25
13  11.75  50.25  1801.00
Valor: 50.25
50.75
51.00
51.00
51.50
51.75
52.00
52.25
52.75
53.25
54.00
54.00
54.50
54.75
55.00
55.25
55.75
56.25
57.00
57.25
57.50
57.75
58.00
58.25
58.75
39  11.75  58.75  4303.00
Valor: 59.26
59.50
60.00
60.50
60.75
61.00
61.25
10  2.74  61.25  45245.00
Valor: 61.26
61.50
2  0.74  61.50  57348.00
Valor: 61.76
0  0.24  61.76  61570.00
Valor: 62.26
1  -0.26  62.26  64071.00
Valor: 61.76
1  0.24  61.76  67621.00
Valor: 61.76
0  0.24  61.76  70610.00
Valor: 61.76
0  0.24  61.76  73420.00
Valor: 61.76
0  0.24  61.76  76334.00
Valor: 61.76
0  0.24  61.76  79325.00
Valor: 61.76
0  0.24  61.76  82312.00
Valor: 61.76
0  0.24  61.76  85400.00
Valor: 62.06
0  -0.06  62.06  88510.00
Valor: 61.76
1  0.24  61.76  91552.00
Valor: 62.56
2  -0.56  62.56  94982.00
Valor: 61.76
1  0.24  61.76  98780.00
Valor: 61.56
1  0.44  61.56  101643.00
Valor: 61.56
1  0.44  61.56  104505.00
Valor: 62.26
1  -0.26  62.26  107367.00
Valor: 62.26
1  -0.26  62.26  110396.00
Valor: 61.76
1  0.24  61.76  113478.00
Valor: 61.56
1  0.44  61.56  116444.00
Valor: 62.06
0  -0.06  62.06  119532.00
Valor: 62.26
1  -0.26  62.26  122269.00
Valor: 61.76
1  0.24  61.76  125825.00
Valor: 62.06
0  -0.06  62.06  128795.00
Valor: 62.06
0  -0.06  62.06  131582.00
Valor: 62.06
0  -0.06  62.06  134726.00
