.00  1801.00
39  62.00  0.00  299.00
Valor: 45.75
34  16.25  45.75  1801.00
Valor: 45.54
46.00
46.50
47.50
47.75
48.25
48.25
48.25
48.50
49.00
49.25
50.00
50.50
51.00
51.25
51.50
51.75
52.00
52.50
52.75
53.50
54.00
54.00
54.25
54.50
39  16.46  54.50  4303.00
Valor: 54.76
55.25
55.50
56.00
56.50
57.00
57.25
57.50
57.75
58.00
58.25
58.75
59.25
60.00
60.50
61.00
61.00
61.25
61.50
28  7.24  61.50  45562.00
Valor: 61.56
1  0.44  61.56  76147.00
Valor: 62.26
1  -0.26  62.26  79008.00
Valor: 61.76
1  0.24  61.76  82306.00
Valor: 62.26
1  -0.26  62.26  85358.00
Valor: 61.76
1  0.24  61.76  88730.00
Valor: 61.76
0  0.24  61.76  91631.00
Valor: 62.06
0  -0.06  62.06  94674.00
Valor: 62.26
1  -0.26  62.26  98135.00
Valor: 61.76
1  0.24  61.76  101781.00
Valor: 61.76
0  0.24  61.76  104798.00
Valor: 61.76
0  0.24  61.76  107644.00
Valor: 61.76
0  0.24  61.76  110775.00
Valor: 61.76
0  0.24  61.76  113944.00
Valor: 62.06
0  -0.06  62.06  117204.00
Valor: 61.76
1  0.24  61.76  120346.00
Valor: 62.26
1  -0.26  62.26  123895.00
Valor: 61.76
1  0.24  61.76  127289.00
Valor: 62.26
1  -0.26  62.26  130315.00
Valor: 61.76
1  0.24  61.76  133703.00
