.00  0.00  1801.00
39  62.00  0.00  299.00
Valor: 48.75
20  13.25  48.75  1801.00
Valor: 48.75
49.50
50.25
50.50
51.00
51.00
51.25
51.75
51.75
52.25
52.50
53.00
53.75
54.00
54.25
54.50
54.75
55.25
55.50
56.00
56.75
57.25
57.50
57.75
58.00
39  13.25  58.00  4303.00
Valor: 58.06
58.25
58.50
59.00
59.50
60.00
60.50
60.75
60.75
61.00
61.25
15  3.94  61.25  45763.00
Valor: 61.56
1  0.44  61.56  63700.00
Valor: 62.06
0  -0.06  62.06  66562.00
Valor: 62.06
0  -0.06  62.06  69238.00
Valor: 62.06
0  -0.06  62.06  72321.00
Valor: 62.06
0  -0.06  62.06  75374.00
Valor: 62.26
1  -0.26  62.26  78291.00
Valor: 62.06
0  -0.06  62.06  81667.00
Valor: 61.76
1  0.24  61.76  84169.00
Valor: 61.76
0  0.24  61.76  87401.00
Valor: 62.06
0  -0.06  62.06  90085.00
Valor: 62.06
0  -0.06  62.06  93182.00
Valor: 62.06
0  -0.06  62.06  96175.00
Valor: 62.06
0  -0.06  62.06  99241.00
Valor: 62.06
0  -0.06  62.06  102159.00
Valor: 62.06
0  -0.06  62.06  105067.00
Valor: 62.06
0  -0.06  62.06  107951.00
Valor: 62.06
0  -0.06  62.06  110983.00
Valor: 62.06
0  -0.06  62.06  113956.00
Valor: 62.06
0  -0.06  62.06  117023.00
