62.00  0.00  1801.00
39  62.00  0.00  299.00
Valor: 48.00
24  14.00  48.00  1801.00
Valor: 48.05
48.25
48.25
48.75
48.75
49.00
49.75
50.50
50.75
51.25
51.25
51.50
51.75
52.50
52.75
53.25
53.50
54.00
54.25
54.25
54.75
54.75
55.25
55.50
56.25
57.00
39  13.95  57.00  4302.00
Valor: 57.26
57.50
57.75
58.00
58.25
58.50
59.00
59.75
60.25
60.75
60.75
61.00
18  4.74  61.00  46468.00
Valor: 61.26
61.00
2  0.74  61.00  66663.00
Valor: 61.56
1  0.44  61.56  70886.00
Valor: 62.06
0  -0.06  62.06  73796.00
Valor: 62.06
0  -0.06  62.06  76313.00
Valor: 62.06
0  -0.06  62.06  79363.00
Valor: 62.06
0  -0.06  62.06  82448.00
Valor: 62.06
0  -0.06  62.06  85600.00
Valor: 62.26
1  -0.26  62.26  88735.00
Valor: 61.76
1  0.24  61.76  92419.00
Valor: 61.76
0  0.24  61.76  95282.00
Valor: 62.06
0  -0.06  62.06  97989.00
Valor: 62.06
0  -0.06  62.06  100950.00
Valor: 61.76
1  0.24  61.76  103943.00
Valor: 62.26
1  -0.26  62.26  107323.00
Valor: 61.75
1  0.25  61.75  110622.00
1  0.25  61.75  113484.00
1  0.25  61.75  115346.00
