 62.00  0.00  1801.00
39  62.00  0.00  299.00
Valor: 53.00
12  9.00  53.00  1801.00
Valor: 53.00
53.00
54.00
55.06
55.25
55.50
55.75
56.25
56.75
57.25
57.50
57.50
57.75
58.00
58.00
58.75
59.25
59.50
60.25
60.50
60.50
33  9.00  60.50  4302.00
Valor: 60.76
61.00
61.25
4  1.24  61.25  39597.00
Valor: 61.56
1  0.44  61.56  45540.00
Valor: 61.76
0  0.24  61.76  48402.00
Valor: 62.26
1  -0.26  62.26  51073.00
Valor: 61.76
1  0.24  61.76  54784.00
Valor: 61.56
1  0.44  61.56  57647.00
Valor: 62.06
0  -0.06  62.06  60509.00
Valor: 62.56
62.00
2  -0.56  62.00  63056.00
Valor: 61.76
1  0.24  61.76  68120.00
Valor: 61.76
0  0.24  61.76  71003.00
Valor: 61.76
0  0.24  61.76  73832.00
Valor: 61.76
0  0.24  61.76  77004.00
Valor: 61.76
0  0.24  61.76  80132.00
Valor: 61.76
0  0.24  61.76  83123.00
Valor: 61.76
0  0.24  61.76  86300.00
Valor: 61.76
0  0.24  61.76  89403.00
Valor: 61.76
0  0.24  61.76  92473.00
Valor: 61.76
0  0.24  61.76  95301.00
Valor: 61.75
0  0.25  61.75  98331.00
