39  62.00  0.00  299.00
Valor: 50.75
2  11.25  50.75  1801.00
Valor: 50.75
51.00
51.00
51.25
51.50
51.75
52.25
52.75
53.50
53.75
54.00
54.25
54.50
54.75
55.00
55.25
55.50
56.25
56.75
57.25
57.50
57.75
57.75
58.00
58.25
58.75
59.00
59.50
39  11.25  59.50  4302.00
Valor: 60.26
60.50
60.75
60.75
6  1.74  60.75  48073.00
Valor: 61.06
61.25
61.25
3  0.94  61.25  55806.00
Valor: 61.56
1  0.44  61.56  61387.00
Valor: 62.06
0  -0.06  62.06  64248.00
Valor: 62.26
1  -0.26  62.26  66749.00
Valor: 62.06
0  -0.06  62.06  70262.00
Valor: 61.76
1  0.24  61.76  72764.00
Valor: 62.06
0  -0.06  62.06  76199.00
Valor: 62.06
0  -0.06  62.06  78983.00
Valor: 62.06
0  -0.06  62.06  81939.00
Valor: 62.06
0  -0.06  62.06  85058.00
Valor: 62.06
0  -0.06  62.06  88139.00
Valor: 62.06
0  -0.06  62.06  91206.00
Valor: 62.06
0  -0.06  62.06  94123.00
Valor: 62.26
1  -0.26  62.26  96979.00
Valor: 62.06
0  -0.06  62.06  100327.00
Valor: 61.76
1  0.24  61.76  102831.00
Valor: 62.06
0  -0.06  62.06  105968.00
Valor: 62.06
0  -0.06  62.06  108612.00
Valor: 62.06
0  -0.06  62.06  111577.00
Valor: 62.06
0  -0.06  62.06  114691.00
Valor: 62.06
0  -0.06  62.06  117786.00
Valor: 62.06
0  -0.06  62.06  120899.00
Valor: 62.06
0  -0.06  62.06  123920.00
Valor: 62.06
0  -0.06  62.06  126796.00
Valor: 62.06
0  -0.06  62.06  129662.00
Valor: 62.06
0  -0.06  62.06  132694.00
