39  62.00  0.00  299.00
Valor: 53.50
14  8.50  53.50  1801.00
Valor: 53.55
53.75
54.00
54.50
54.75
55.00
55.25
55.75
56.50
57.00
57.25
57.75
58.00
58.25
58.50
59.25
59.75
60.50
60.75
31  8.45  60.75  4302.00
Valor: 61.06
61.00
3  0.94  61.00  36293.00
Valor: 61.06
61.50
3  0.94  61.50  41245.00
Valor: 61.76
0  0.24  61.76  45826.00
Valor: 62.26
1  -0.26  62.26  48327.00
Valor: 61.76
1  0.24  61.76  51881.00
Valor: 61.76
0  0.24  61.76  54899.00
Valor: 62.06
0  -0.06  62.06  57797.00
Valor: 62.06
0  -0.06  62.06  60854.00
Valor: 62.06
0  -0.06  62.06  63950.00
Valor: 62.06
0  -0.06  62.06  66972.00
Valor: 62.06
0  -0.06  62.06  70089.00
Valor: 62.06
0  -0.06  62.06  73285.00
Valor: 62.06
0  -0.06  62.06  76445.00
Valor: 62.06
0  -0.06  62.06  79621.00
Valor: 62.06
0  -0.06  62.06  82785.00
Valor: 62.06
0  -0.06  62.06  85846.00
Valor: 62.06
0  -0.06  62.06  89102.00
Valor: 62.06
0  -0.06  62.06  92329.00
Valor: 62.06
0  -0.06  62.06  95413.00
Valor: 62.06
0  -0.06  62.06  98440.00
Valor: 62.06
0  -0.06  62.06  101690.00
Valor: 62.06
0  -0.06  62.06  104873.00
Valor: 62.06
0  -0.06  62.06  108014.00
