39  62.00  0.00  299.00
Valor: 48.25
9  13.75  48.25  1801.00
Valor: 48.25
48.25
48.75
50.25
50.75
51.00
51.25
51.50
51.75
52.00
52.50
52.75
53.50
53.75
54.00
54.50
54.50
54.75
55.25
55.50
56.00
56.75
57.25
57.50
39  13.75  57.50  4302.00
Valor: 57.56
58.00
58.25
58.25
58.75
59.25
60.00
60.25
60.50
60.75
61.00
61.00
61.25
16  4.44  61.25  43848.00
Valor: 61.56
1  0.44  61.56  64109.00
Valor: 61.56
1  0.44  61.56  67197.00
Valor: 61.76
0  0.24  61.76  70066.00
Valor: 62.26
1  -0.26  62.26  72665.00
Valor: 62.06
0  -0.06  62.06  76092.00
Valor: 61.76
1  0.24  61.76  78595.00
Valor: 62.26
1  -0.26  62.26  82257.00
Valor: 61.76
1  0.24  61.76  85572.00
Valor: 61.76
0  0.24  61.76  88434.00
Valor: 61.76
0  0.24  61.76  90977.00
Valor: 61.76
0  0.24  61.76  94142.00
Valor: 62.06
0  -0.06  62.06  97289.00
Valor: 62.06
0  -0.06  62.06  100475.00
Valor: 61.76
1  0.24  61.76  103675.00
Valor: 62.56
2  -0.56  62.56  107208.00
Valor: 61.76
1  0.24  61.76  111161.00
