39  62.00  0.00  299.00
Valor: 51.00
3  11.00  51.00  1801.00
Valor: 50.75
51.00
51.25
51.50
51.75
52.00
52.50
53.00
53.75
54.00
54.25
54.25
54.75
55.00
55.25
55.50
55.75
56.75
57.25
57.50
57.50
57.75
58.00
58.25
58.75
59.25
39  11.25  59.25  4302.00
Valor: 60.06
60.25
60.75
61.00
6  1.94  61.00  45850.00
Valor: 61.06
61.25
3  0.94  61.25  53511.00
Valor: 61.56
1  0.44  61.56  58095.00
Valor: 62.26
1  -0.26  62.26  60956.00
Valor: 62.26
0  -0.26  62.26  63977.00
Valor: 61.76
1  0.24  61.76  66481.00
Valor: 62.26
1  -0.26  62.26  69963.00
Valor: 61.76
1  0.24  61.76  73281.00
Valor: 62.26
1  -0.26  62.26  76300.00
Valor: 61.76
1  0.24  61.76  79654.00
Valor: 62.06
0  -0.06  62.06  82746.00
Valor: 62.26
1  -0.26  62.26  85563.00
Valor: 61.56
1  0.44  61.56  89039.00
Valor: 61.76
0  0.24  61.76  92145.00
Valor: 61.76
0  0.24  61.76  94990.00
Valor: 62.06
0  -0.06  62.06  98199.00
Valor: 61.76
1  0.24  61.76  101427.00
Valor: 62.56
62.00
2  -0.56  62.00  105010.00
Valor: 61.56
1  0.44  61.56  109842.00
Valor: 61.76
0  0.24  61.76  112793.00
Valor: 61.76
0  0.24  61.76  115585.00
Valor: 61.76
0  0.24  61.76  118666.00
Valor: 61.76
0  0.24  61.76  121861.00
Valor: 61.76
0  0.24  61.76  125156.00
Valor: 61.76
0  0.24  61.76  128262.00
