39  55.00  0.00  1801.00
39  55.00  0.00  299.00
Valor: 71.00
39  -16.00  71.00  1801.00
Valor: 71.07
70.75
70.25
69.75
69.25
68.75
68.50
68.25
67.75
67.25
66.75
66.75
66.25
65.75
65.50
65.00
64.50
64.25
63.75
63.25
63.00
62.25
62.25
61.75
61.50
61.00
60.50
60.25
60.00
59.50
59.00
58.75
39  -16.07  58.75  4302.00
Valor: 58.56
57.75
57.50
57.00
56.50
56.25
55.75
55.50
55.25
54.75
12  -3.56  54.75  57953.00
Valor: 54.26
54.25
3  0.74  54.25  75585.00
Valor: 54.76
0  0.24  54.76  80169.00
Valor: 55.06
0  -0.06  55.06  82720.00
Valor: 55.06
0  -0.06  55.06  85866.00
Valor: 55.06
0  -0.06  55.06  88985.00
Valor: 55.06
0  -0.06  55.06  92043.00
Valor: 55.06
0  -0.06  55.06  95184.00
Valor: 55.06
0  -0.06  55.06  98342.00
Valor: 55.06
0  -0.06  55.06  101785.00
Valor: 55.06
0  -0.06  55.06  105050.00
Valor: 55.06
0  -0.06  55.06  108339.00
