 55.00  0.00  1801.00
.00  55.00  607990.00
0  0.00  55.00  609492.00
0  0.00  55.00  610994.00
39  55.00  0.00  299.00
39  55.00  0.00  1801.00
39  55.00  0.00  299.00
Valor: 72.50
39  -17.50  72.50  1801.00
Valor: 72.57
72.50
72.25
72.00
71.50
71.25
71.00
70.50
70.00
69.50
69.00
68.50
68.00
68.00
67.50
67.25
67.00
66.50
66.25
65.75
65.25
65.06
64.50
63.75
63.56
63.00
62.75
62.25
62.00
61.75
61.50
61.00
60.50
39  -17.57  60.50  4303.00
Valor: 60.06
59.50
59.25
59.00
58.75
58.25
58.00
57.50
57.00
56.75
56.56
55.75
55.50
55.25
55.00
17  -5.06  55.00  60961.00
Valor: 54.55
1  0.45  54.55  87120.00
Valor: 54.26
2  0.74  54.26  89982.00
Valor: 54.76
0  0.24  54.76  93258.00
Valor: 55.06
0  -0.06  55.06  95759.00
Valor: 55.06
0  -0.06  55.06  98849.00
Valor: 55.06
0  -0.06  55.06  101822.00
Valor: 55.06
0  -0.06  55.06  105111.00
Valor: 55.06
0  -0.06  55.06  108213.00
Valor: 55.06
0  -0.06  55.06  111296.00
Valor: 55.06
0  -0.06  55.06  114386.00
Valor: 55.06
0  -0.06  55.06  117455.00
Valor: 55.06
0  -0.06  55.06  120459.00
Valor: 55.06
0  -0.06  55.06  123485.00
