5.00  0.00  1801.00
39  55.00  0.00  299.00
Valor: 76.00
39  -21.00  76.00  1801.00
Valor: 76.08
75.75
75.25
75.00
74.50
74.00
73.75
73.25
72.75
72.50
72.25
71.75
71.50
71.00
70.50
70.25
70.00
69.75
69.25
68.75
68.25
68.25
67.50
67.25
66.75
66.75
66.25
65.75
65.50
65.25
65.00
64.75
64.25
64.00
63.50
39  -21.08  63.50  4302.00
Valor: 63.26
62.75
62.25
62.00
61.75
61.50
61.00
60.75
60.25
59.75
59.50
59.25
59.00
58.75
58.25
58.00
57.50
57.50
57.00
56.75
56.25
55.75
55.75
55.50
55.25
54.75
54.26
29  -8.26  54.26  61158.00
Valor: 53.76
53.50
54.00
4  1.24  54.00  105391.00
Valor: 54.26
2  0.74  54.26  111335.00
Valor: 54.76
0  0.24  54.76  114657.00
Valor: 55.26
1  -0.26  55.26  117241.00
Valor: 54.76
1  0.24  54.76  120686.00
Valor: 54.76
0  0.24  54.76  123548.00
Valor: 55.06
0  -0.06  55.06  126050.00
Valor: 55.26
1  -0.26  55.26  129200.00
Valor: 54.76
1  0.24  54.76  132947.00
Valor: 54.76
0  0.24  54.76  135980.00
Valor: 55.06
0  -0.06  55.06  138647.00
Valor: 54.76
1  0.24  54.76  141766.00
Valor: 55.26
1  -0.26  55.26  145224.00
Valor: 55.05
0  -0.05  55.05  148570.00
Valor: 54.76
1  0.24  54.76  151166.00
Valor: 55.26
1  -0.26  55.26  154785.00
Valor: 55.05
0  -0.05  55.05  158254.00
Valor: 54.76
1  0.24  54.76  161017.00
Valor: 55.06
0  -0.06  55.06  164474.00
Valor: 55.06
0  -0.06  55.06  167190.00
Valor: 55.06
0  -0.06  55.06  170141.00
Valor: 55.06
0  -0.06  55.06  173289.00
Valor: 55.06
0  -0.06  55.06  176542.00
Valor: 55.06
0  -0.06  55.06  179579.00
Valor: 55.06
0  -0.06  55.06  182712.00
Valor: 55.06
0  -0.06  55.06  185901.00
Valor: 55.06
0  -0.06  55.06  189175.00
