9  55.00  0.00  1801.00
39  55.00  0.00  299.00
Valor: 61.00
39  -6.00  61.00  1801.00
Valor: 60.76
60.76
60.00
59.50
59.25
58.75
58.50
58.25
57.75
57.50
57.00
56.50
56.00
55.75
55.00
20  -5.76  55.00  4302.00
Valor: 54.76
1  0.24  54.76  32163.00
Valor: 54.55
1  0.45  54.55  35024.00
Valor: 55.06
0  -0.06  55.06  38033.00
Valor: 55.06
0  -0.06  55.06  40611.00
Valor: 55.26
1  -0.26  55.26  43658.00
Valor: 54.76
1  0.24  54.76  47288.00
Valor: 55.06
0  -0.06  55.06  50164.00
Valor: 55.06
0  -0.06  55.06  52973.00
Valor: 55.06
0  -0.06  55.06  56275.00
Valor: 55.06
0  -0.06  55.06  59683.00
Valor: 55.06
0  -0.06  55.06  62888.00
Valor: 55.06
0  -0.06  55.06  65977.00
Valor: 54.76
1  0.24  54.76  69149.00
Valor: 55.26
1  -0.26  55.26  72699.00
Valor: 55.06
0  -0.06  55.06  76277.00
Valor: 54.76
1  0.24  54.76  78979.00
Valor: 55.06
0  -0.06  55.06  82393.00
Valor: 55.26
1  -0.26  55.26  85057.00
Valor: 54.76
1  0.24  54.76  88840.00
Valor: 55.26
1  -0.26  55.26  92056.00
Valor: 55.05
0  -0.05  55.05  95427.00
Valor: 54.76
1  0.24  54.76  98224.00
Valor: 55.06
0  -0.06  55.06  101834.00
Valor: 54.76
1  0.24  54.76  104749.00
Valor: 55.26
1  -0.26  55.26  108341.00
Valor: 55.05
0  -0.05  55.05  111854.00
Valor: 55.06
0  -0.06  55.06  114566.00
Valor: 55.05
0  -0.05  55.05  117804.00
Valor: 54.76
1  0.24  54.76  121125.00
Valor: 55.26
1  -0.26  55.26  124699.00
