 0.00  1801.00
39  55.00  0.00  299.00
Valor: 68.00
39  -13.00  68.00  1801.00
Valor: 68.07
67.75
66.75
66.00
65.50
65.25
65.00
64.50
64.00
63.50
63.25
62.75
62.50
62.00
61.50
61.25
60.75
60.50
60.00
59.75
59.25
59.00
58.75
58.25
58.00
57.75
57.25
57.00
56.50
56.00
39  -13.07  56.00  4302.00
Valor: 55.76
55.50
2  -0.76  55.50  56184.00
Valor: 55.05
0  -0.05  55.05  60717.00
Valor: 55.05
0  -0.05  55.05  63232.00
Valor: 55.06
0  -0.06  55.06  66242.00
Valor: 54.76
1  0.24  54.76  69408.00
Valor: 55.26
1  -0.26  55.26  73126.00
Valor: 54.76
1  0.24  54.76  76765.00
Valor: 55.06
0  -0.06  55.06  79896.00
Valor: 55.06
0  -0.06  55.06  82738.00
Valor: 55.06
0  -0.06  55.06  85983.00
Valor: 55.06
0  -0.06  55.06  89221.00
Valor: 55.06
0  -0.06  55.06  92647.00
Valor: 55.06
0  -0.06  55.06  95824.00
Valor: 55.26
1  -0.26  55.26  99065.00
Valor: 54.76
1  0.24  54.76  102907.00
Valor: 55.06
0  -0.06  55.06  106165.00
