00  0.00  1801.00
39  55.00  0.00  299.00
Valor: 68.00
39  -13.00  68.00  1801.00
Valor: 68.07
68.00
67.50
67.25
67.00
66.75
66.25
65.75
65.50
65.25
65.00
64.75
64.25
63.75
63.50
63.25
63.00
62.56
62.25
62.00
61.75
61.26
60.50
60.25
60.00
59.75
59.25
59.00
58.56
58.00
57.75
57.25
57.25
56.75
36  -13.07  56.75  4302.00
Valor: 56.26
56.00
3  -1.26  56.00  61105.00
Valor: 55.56
1  -0.56  55.56  66148.00
Valor: 55.26
0  -0.26  55.26  69170.00
Valor: 55.26
0  -0.26  55.26  71673.00
Valor: 55.06
0  -0.06  55.06  74357.00
Valor: 55.26
0  -0.26  55.26  77198.00
Valor: 55.26
0  -0.26  55.26  80054.00
Valor: 55.26
0  -0.26  55.26  82953.00
Valor: 55.26
0  -0.26  55.26  85806.00
Valor: 55.06
0  -0.06  55.06  88657.00
Valor: 55.06
0  -0.06  55.06  91571.00
Valor: 55.26
0  -0.26  55.26  94596.00
Valor: 55.06
0  -0.06  55.06  97517.00
Valor: 55.26
0  -0.26  55.26  100491.00
Valor: 55.06
0  -0.06  55.06  103617.00
Valor: 55.26
0  -0.26  55.26  106793.00
Valor: 55.26
0  -0.26  55.26  110049.00
