 55.00  0.00  1801.00
39  55.00  0.00  299.00
Valor: 69.50
39  -14.50  69.50  1801.00
Valor: 69.26
69.00
68.57
68.25
68.00
67.75
67.50
67.00
66.75
66.25
66.00
65.50
65.25
65.26
64.75
64.25
63.00
62.50
62.25
62.06
61.25
61.00
60.50
60.06
59.50
59.25
59.25
59.00
58.50
58.25
58.00
57.75
57.25
39  -14.26  57.25  4303.00
Valor: 56.76
56.50
56.25
55.76
4  -1.76  55.76  62666.00
Valor: 55.56
1  -0.56  55.56  71217.00
Valor: 55.26
0  -0.26  55.26  74240.00
Valor: 55.06
0  -0.06  55.06  76743.00
Valor: 55.26
0  -0.26  55.26  79750.00
Valor: 55.26
0  -0.26  55.26  82796.00
Valor: 55.26
0  -0.26  55.26  85826.00
Valor: 55.26
0  -0.26  55.26  88788.00
Valor: 55.06
0  -0.06  55.06  91934.00
Valor: 55.06
0  -0.06  55.06  94968.00
Valor: 55.06
0  -0.06  55.06  97767.00
Valor: 55.06
0  -0.06  55.06  100705.00
Valor: 55.26
0  -0.26  55.26  103728.00
Valor: 55.26
0  -0.26  55.26  106642.00
Valor: 55.26
0  -0.26  55.26  109609.00
Valor: 55.26
0  -0.26  55.26  112582.00
