5.00  0.00  1801.00
39  55.00  0.00  299.00
Valor: 72.07
39  -17.07  72.07  1801.00
Valor: 71.76
71.75
71.25
70.75
70.25
69.75
69.25
69.00
68.50
68.25
68.00
67.50
67.25
66.75
66.25
65.75
65.50
65.00
65.00
64.50
64.00
63.50
63.25
62.75
62.25
62.00
62.00
61.75
61.25
60.75
60.50
60.00
59.50
59.50
39  -16.76  59.50  5297.00
Valor: 59.26
58.75
58.75
58.25
57.75
57.50
57.00
56.50
56.00
55.75
11  -4.26  55.75  61341.00
Valor: 55.76
1  -0.76  55.76  78464.00
Valor: 55.56
1  -0.56  55.56  81486.00
Valor: 55.05
0  -0.05  55.05  84508.00
Valor: 54.76
0  0.24  54.76  87010.00
Valor: 54.76
0  0.24  54.76  89568.00
Valor: 54.76
0  0.24  54.76  92523.00
Valor: 54.76
0  0.24  54.76  95522.00
Valor: 54.76
0  0.24  54.76  98447.00
Valor: 54.76
0  0.24  54.76  101657.00
Valor: 54.76
0  0.24  54.76  104758.00
Valor: 54.76
0  0.24  54.76  107819.00
Valor: 54.76
0  0.24  54.76  110930.00
Valor: 54.76
0  0.24  54.76  114006.00
Valor: 54.76
0  0.24  54.76  117301.00
