  55.00  0.00  1801.00
39  55.00  0.00  299.00
Valor: 73.25
39  -18.25  73.25  1801.00
Valor: 73.26
73.25
73.00
72.57
71.75
70.50
69.25
69.00
68.50
68.50
68.25
67.76
67.25
67.00
66.75
66.25
66.25
65.75
65.50
65.50
65.00
64.75
64.25
63.75
63.50
63.00
62.75
62.75
62.25
62.00
61.75
61.25
61.00
39  -18.26  61.00  4303.00
Valor: 60.76
60.00
59.75
59.25
59.25
58.75
58.76
58.50
58.00
57.75
57.50
57.00
56.50
56.25
55.75
15  -5.76  55.75  60717.00
Valor: 55.56
1  -0.56  55.56  85866.00
Valor: 55.56
1  -0.56  55.56  88899.00
Valor: 55.05
0  -0.05  55.05  91921.00
Valor: 54.76
0  0.24  54.76  94424.00
Valor: 54.76
0  0.24  54.76  97527.00
Valor: 54.76
0  0.24  54.76  100512.00
Valor: 54.76
0  0.24  54.76  103511.00
Valor: 54.76
0  0.24  54.76  106600.00
Valor: 54.76
0  0.24  54.76  109752.00
Valor: 54.76
0  0.24  54.76  112858.00
Valor: 54.76
0  0.24  54.76  115677.00
Valor: 54.76
0  0.24  54.76  118572.00
Valor: 55.05
0  -0.05  55.05  121519.00
Valor: 54.76
0  0.24  54.76  124592.00
Valor: 54.76
0  0.24  54.76  127653.00
Valor: 54.76
0  0.24  54.76  130713.00
Valor: 54.76
0  0.24  54.76  133692.00
