5.00  0.00  1801.00
39  55.00  0.00  299.00
39  55.00  0.00  1801.00
Valor: 66.25
66.25
65.75
65.25
65.00
64.75
64.25
63.75
63.50
63.00
63.00
62.50
62.25
62.00
61.75
61.25
61.00
60.25
60.00
59.75
59.25
59.00
58.75
58.25
57.75
57.50
57.00
56.75
56.25
55.75
55.75
55.50
55.00
54.75
54.25
39  -11.25  54.25  3302.00
Valor: 53.76
53.50
3  1.24  53.50  59703.00
Valor: 53.76
54.25
3  1.24  54.25  64286.00
Valor: 54.76
0  0.24  54.76  68869.00
Valor: 55.06
0  -0.06  55.06  71463.00
Valor: 55.06
0  -0.06  55.06  74589.00
Valor: 55.06
0  -0.06  55.06  77647.00
Valor: 55.06
0  -0.06  55.06  80642.00
Valor: 55.06
0  -0.06  55.06  83770.00
Valor: 55.06
0  -0.06  55.06  86918.00
Valor: 55.06
0  -0.06  55.06  89909.00
Valor: 55.06
0  -0.06  55.06  92750.00
Valor: 55.06
0  -0.06  55.06  95721.00
Valor: 55.06
0  -0.06  55.06  98795.00
Valor: 55.06
0  -0.06  55.06  101899.00
Valor: 55.06
0  -0.06  55.06  105035.00
Valor: 55.06
0  -0.06  55.06  108140.00
Valor: 55.06
0  -0.06  55.06  111324.00
Valor: 55.06
0  -0.06  55.06  114453.00
Valor: 55.00
0  0.00  55.00  117632.00
Valor: 55.06
0  -0.06