39  62.00  0.00  299.00
Valor: 51.25
22  10.75  51.25  1801.00
Valor: 51.26
51.50
51.75
51.75
52.25
52.75
53.50
53.75
54.25
54.25
54.50
54.75
55.25
55.75
56.25
57.00
57.25
57.50
57.50
58.00
58.25
58.75
59.50
35  10.74  59.50  4303.00
Valor: 60.06
60.50
60.50
5  1.94  60.50  41501.00
Valor: 60.76
61.00
3  1.24  61.00  48062.00
Valor: 61.26
2  0.74  61.26  52644.00
Valor: 61.56
1  0.44  61.56  55866.00
Valor: 62.26
1  -0.26  62.26  58728.00
Valor: 62.26
0  -0.26  62.26  61750.00
Valor: 62.06
0  -0.06  62.06  64308.00
Valor: 62.06
0  -0.06  62.06  67461.00
Valor: 62.06
0  -0.06  62.06  70519.00
Valor: 62.06
0  -0.06  62.06  73581.00
Valor: 62.06
0  -0.06  62.06  76715.00
Valor: 62.06
0  -0.06  62.06  79923.00
Valor: 62.06
0  -0.06  62.06  82995.00
Valor: 62.06
0  -0.06  62.06  85977.00
Valor: 62.06
0  -0.06  62.06  89010.00
Valor: 62.06
0  -0.06  62.06  92108.00
