39  62.00  0.00  299.00
Valor: 54.25
35  7.75  54.25  1801.00
Valor: 54.00
54.75
55.25
55.75
56.00
56.50
56.75
57.25
57.50
57.50
57.75
58.00
58.25
58.75
59.25
59.75
26  8.00  59.75  4302.00
Valor: 60.26
60.50
60.50
60.75
5  1.74  60.75  31168.00
Valor: 61.06
61.25
2  0.94  61.25  38471.00
Valor: 61.26
2  0.74  61.26  42693.00
Valor: 61.76
0  0.24  61.76  45975.00
Valor: 62.56
62.00
2  -0.56  62.00  48477.00
Valor: 61.56
1  0.44  61.56  53072.00
Valor: 61.56
1  0.44  61.56  55933.00
Valor: 61.76
0  0.24  61.76  58795.00
Valor: 62.06
0  -0.06  62.06  61296.00
Valor: 62.26
0  -0.26  62.26  64258.00
Valor: 62.26
0  -0.26  62.26  67358.00
Valor: 62.06
0  -0.06  62.06  70456.00
Valor: 62.06
0  -0.06  62.06  73551.00
Valor: 62.06
0  -0.06  62.06  76547.00
Valor: 62.26
0  -0.26  62.26  79424.00
Valor: 62.06
0  -0.06  62.06  82443.00
Valor: 62.06
0  -0.06  62.06  85451.00
Valor: 62.26
0  -0.26  62.26  88503.00
Valor: 62.06
0  -0.06  62.06  91677.00
Valor: 62.06
0  -0.06  62.06  94717.00
Valor: 62.26
0  -0.26  62.26  97734.00
Valor: 62.06
0  -0.06  62.06  100675.00
Valor: 62.06
0  -0.06  62.06  103786.00
Valor: 62.06
0  -0.06  62.06  106964.00
Valor: 62.26
0  -0.26  62.26  109969.00
Valor: 62.26
0  -0.26  62.26  113005.00
Valor: 62.26
0  -0.26  62.26  116056.00
Valor: 62.06
0  -0.06  62.06  119095.00
Valor: 62.06
0  -0.06  62.06  122252.00
