62.00  0.00  1801.00
39  62.00  0.00  299.00
Valor: 52.25
26  9.75  52.25  1801.00
Valor: 52.26
52.50
53.25
53.75
54.25
54.50
54.50
55.00
55.25
55.75
56.50
57.00
57.50
57.75
58.00
58.00
58.50
59.00
59.50
32  9.74  59.50  4302.00
Valor: 60.26
60.50
61.00
5  1.74  61.00  36653.00
Valor: 61.06
61.25
2  0.94  61.25  42956.00
Valor: 61.76
0  0.24  61.76  47178.00
Valor: 61.76
0  0.24  61.76  50007.00
Valor: 61.76
0  0.24  61.76  53026.00
Valor: 61.76
0  0.24  61.76  55912.00
Valor: 61.76
0  0.24  61.76  58920.00
Valor: 61.76
0  0.24  61.76  62156.00
Valor: 61.76
0  0.24  61.76  65393.00
Valor: 61.56
1  0.44  61.56  68543.00
Valor: 62.06
0  -0.06  62.06  72011.00
Valor: 62.06
0  -0.06  62.06  74745.00
Valor: 62.06
0  -0.06  62.06  77746.00
Valor: 62.06
0  -0.06  62.06  80742.00
Valor: 62.06
0  -0.06  62.06  83775.00
Valor: 62.06
0  -0.06  62.06  86803.00
Valor: 62.06
0  -0.06  62.06  89846.00
Valor: 62.06
0  -0.06  62.06  92836.00
Valor: 62.06
0  -0.06  62.06  95945.00
