801.00
39  62.00  0.00  299.00
Valor: 54.00
34  8.00  54.00  1801.00
Valor: 54.05
54.75
55.00
55.50
55.75
56.00
56.50
57.00
57.00
57.25
57.50
57.75
58.00
58.25
58.50
59.00
59.50
26  7.95  59.50  4302.00
Valor: 60.06
60.50
60.75
61.00
6  1.94  61.00  32476.00
Valor: 61.26
61.25
2  0.74  61.25  40140.00
Valor: 61.76
0  0.24  61.76  44362.00
Valor: 62.06
0  -0.06  62.06  46863.00
Valor: 61.76
0  0.24  61.76  49852.00
Valor: 61.76
0  0.24  61.76  52860.00
Valor: 61.76
0  0.24  61.76  55927.00
Valor: 61.76
0  0.24  61.76  59022.00
Valor: 62.06
0  -0.06  62.06  62146.00
Valor: 62.06
0  -0.06  62.06  65272.00
Valor: 62.06
0  -0.06  62.06  68345.00
Valor: 62.06
0  -0.06  62.06  71273.00
Valor: 61.76
0  0.24  61.76  74136.00
Valor: 62.06
0  -0.06  62.06  77031.00
Valor: 62.06
0  -0.06  62.06  79998.00
Valor: 62.06
0  -0.06  62.06  83089.00
Valor: 62.06
0  -0.06  62.06  86172.00
Valor: 62.06
0  -0.06  62.06  89232.00
