00  0.00  1801.00
39  62.00  0.00  299.00
Valor: 51.50
23  10.50  51.50  1801.00
Valor: 51.55
51.75
52.00
52.50
52.75
53.50
54.00
54.25
54.50
54.50
54.75
54.75
55.25
55.75
56.50
57.00
57.25
57.50
57.50
57.75
58.00
58.50
59.00
34  10.45  59.00  4303.00
Valor: 59.76
60.25
60.50
60.75
61.00
7  2.24  61.00  41102.00
Valor: 61.06
2  0.94  61.06  50125.00
Valor: 61.56
1  0.44  61.56  53347.00
Valor: 61.76
0  0.24  61.76  56209.00
Valor: 62.26
1  -0.26  62.26  58711.00
Valor: 61.76
1  0.24  61.76  62175.00
Valor: 62.26
1  -0.26  62.26  65149.00
Valor: 62.06
0  -0.06  62.06  68368.00
Valor: 61.56
1  0.44  61.56  70892.00
Valor: 62.06
0  -0.06  62.06  74382.00
Valor: 62.26
0  -0.26  62.26  77116.00
Valor: 62.06
0  -0.06  62.06  80111.00
Valor: 62.26
0  -0.26  62.26  83080.00
Valor: 62.26
0  -0.26  62.26  86268.00
Valor: 62.26
0  -0.26  62.26  89396.00
Valor: 62.06
0  -0.06  62.06  92468.00
Valor: 62.26
0  -0.26  62.26  95488.00
Valor: 62.26
0  -0.26  62.26  98545.00
Valor: 62.06
0  -0.06  62.06  101577.00
Valor: 62.06
0  -0.06  62.06  104721.00
Valor: 62.06
0  -0.06  62.06  107709.00
Valor: 62.26
0  -0.26  62.26  110607.00
