39  55  55.00  0.00  299.00
Valor: 72.75
17  -17  -17.75  72.75  1801.00
72.75
72.50
72.07
71.75
71.50
71.00
70.50
70.25
70.00
69.75
69.25
69.00
68.50
68.25
67.75
67.50
67.25
67.00
66.75
66.50
66.25
65.75
65.50
65.00
64.75
64.25
64.00
63.75
63.75
63.25
62.75
62.50
62.00
33  -33  -17.75  62.00  4303.00
Valor: 61.76
61.25
61.00
61.00
60.50
60.25
60.00
6  -6  -6.76  60.00  56990.00
Valor: 59.56
59.25
58.75
58.25
58.00
57.50
57.25
57.25
57.00
56.75
56.50
55.75
55.50
55.25
54.50
54.25
54.00
53.75
53.50
53.25
19  -19  -4.56  53.25  69072.00
Valor: 53.05
52.75
2  2  1.95  52.75  100784.00
Valor: 53.05
53.50
53.00
52.76
52.25
52.00
51.75
51.25
51.00
50.75
50.50
50.25
49.75
12  -12  1.95  49.75  105368.00
Valor: 49.25
49.25
49.50
49.75
5  5  5.75  49.75  128457.00
Valor: 50.25
50.50
50.25
49.75
49.50
49.25
48.55
48.00
47.75
9  -9  4.75  47.75  136120.00
Valor: 47.55
47.25
47.50
47.50
47.75
48.00
6  6  7.45  48.00  152677.00
Valor: 48.55
49.00
48.75
48.50
48.25
47.75
47.55
47.25
47.00
7  -7  6.45  47.00  162703.00
Valor: 46.75
46.50
47.00
47.25
47.50
6  6  8.25  47.50  178231.00
Valor: 48.05
48.00
47.75
47.50
47.25
46.75
46.50
6  -6  6.95  46.50  187253.00
Valor: 46.04
46.00
46.25
46.75
47.25
6  6  8.96  47.25  199523.00
Valor: 47.55
47.25
47.00
46.75
46.50
46.00
5  -5  7.45  46.00  208545.00
Valor: 45.75
45.75
46.00
46.25
46.75
6  6  9.25  46.75  219138.00
Valor: 47.25
47.25
47.00
46.75
46.25
4  -4  7.75  46.25  228163.00
Valor: 45.75
45.75
46.25
46.50
47.00
6  6  9.25  47.00  237223.00
Valor: 47.25
47.25
46.75
4  -4  7.75  46.75  246248.00
Valor: 46.04
45.50
46.00
46.50
46.75
5  5  8.96  46.75  254307.00
Valor: 47.25
47.00
46.50
46.25
4  -4  7.75  46.25  262973.00
Valor: 45.75
45.50
45.75
46.25
46.50
5  5  9.25  46.50  271125.00
Valor: 47.05
47.00
46.55
3  -3  7.95  46.55  279790.00
Valor: 46.04
45.75
46.25
46.50
4  4  8.96  46.50  287392.00
Valor: 46.75
47.00
46.75
2  -2  8.25  46.75  294694.00
Valor: 46.25
46.00
46.50
3  3  8.75  46.50  301594.00
Valor: 46.75
47.00
46.75
2  -2  8.25  46.75  307535.00
Valor: 46.25
46.00
46.25
3  3  8.75  46.25  313576.00
Valor: 46.75
47.00
2  -2  8.25  47.00  319519.00
Valor: 46.25
46.00
46.50
3  3  8.75  46.50  324560.00
Valor: 47.05
46.75
2  -2  7.95  46.75  331475.00
Valor: 46.55
46.00
46.25
2  2  8.45  46.25  336537.00
Valor: 46.55
46.75
1  -1  8.45  46.75  342121.00
Valor: 46.25
46.00
2  2  8.75  46.00  346652.00
Valor: 46.55
46.75
1  -1  8.45  46.75  351236.00
Valor: 46.55
1  1  8.45  46.55  355768.00
Valor: 46.25
0  0  8.75  46.25  358991.00
Valor: 46.75
0  0  8.25  46.75  361493.00
Valor: 46.75
0  0  8.25  46.75  364292.00
Valor: 46.75
0  0  8.25  46.75  367349.00
Valor: 46.75
0  0  8.25  46.75  370360.00
Valor: 46.75
0  0  8.25  46.75  373295.00
Valor: 46.75
0  0  8.25  46.75  376218.00
Valor: 46.75
0  0  8.25  46.75  379063.00
Valor: 46.75
0  0  8.25  46.75  381873.00
Valor: 46.75
0  0  8.25  46.75  384644.00
Valor: 46.75
0  0  8.25  46.75  387511.00
0  0  8.25  46.75  390013.00
0  0  8.25  46.75  391515.00
0  0  8.25  46.75  393017.00
0  0  8.25  46.75  394518.00
0  0  8.25  46.75  396020.00
0  0  8.25  46.75  397522.00
0  0  8.25  46.75  399024.00
0  0  8.25  46.75  400526.00
0  0  8.25  46.75  402028.00
0  0  8.25  46.75  403529.00
