0  0  0.00  0.00  1801.00
0  0  0.00  0.00  299.00
Valor: 75.00
0  0  0.00  75.00  1801.00
Valor: 75.26
75.25
74.76
74.50
74.00
73.75
73.25
73.00
72.50
72.25
71.75
71.50
71.00
70.75
70.25
70.00
69.50
69.25
68.75
68.25
68.00
67.25
67.25
67.00
66.50
66.00
65.50
65.25
64.50
64.50
64.00
63.50
63.25
36  -36  -20.26  63.25  4302.00
Valor: 63.06
62.50
62.25
62.00
61.50
61.25
60.76
59.76
59.50
59.25
11  -11  -8.06  59.25  58626.00
Valor: 58.76
58.50
58.00
57.75
57.25
57.00
56.50
56.25
55.75
55.50
11  -11  -3.76  55.50  78253.00
Valor: 55.26
0  0  -0.26  55.26  96012.00
Valor: 54.76
54.50
54.00
53.75
53.25
5  -5  0.24  53.25  98515.00
Valor: 53.05
53.00
3  3  1.95  53.00  108560.00
Valor: 53.26
53.75
53.25
53.00
3  -3  1.74  53.00  113529.00
Valor: 52.76
52.50
52.75
53.00
3  3  2.24  53.00  121080.00
Valor: 53.26
53.00
52.75
3  -3  1.74  52.75  128023.00
Valor: 52.55
52.25
52.75
3  3  2.45  52.75  134627.00
Valor: 53.05
53.00
2  -2  1.95  53.00  141552.00
Valor: 52.55
52.25
52.50
3  3  2.45  52.50  146760.00
Valor: 53.05
53.00
2  -2  1.95  53.00  152701.00
Valor: 52.55
52.00
52.50
3  3  2.45  52.50  157743.00
Valor: 52.76
53.00
1  -1  2.24  53.00  163687.00
Valor: 52.76
52.50
2  2  2.24  52.50  168218.00
Valor: 52.76
53.00
1  -1  2.24  53.00  172802.00
Valor: 52.76
52.75
2  2  2.24  52.75  177334.00
Valor: 53.05
1  -1  1.95  53.05  181916.00
Valor: 53.05
52.75
1  1  1.95  52.75  185491.00
Valor: 52.76
0  0  2.24  52.76  189714.00
Valor: 53.05
0  0  1.95  53.05  192284.00
Valor: 53.05
0  0  1.95  53.05  195430.00
Valor: 53.05
0  0  1.95  53.05  198573.00
Valor: 53.05
0  0  1.95  53.05  201738.00
Valor: 53.05
0  0  1.95  53.05  204957.00
Valor: 53.05
0  0  1.95  53.05  208061.00
Valor: 53.05
0  0  1.95  53.05  211142.00
Valor: 53.05
0  0  1.95  53.05  214234.00
Valor: 53.05
0  0  1.95  53.05  217110.00
Valor: 53.05
0  0  1.95  53.05  220227.00
Valor: 53.05
0  0  1.95  53.05  223400.00
Valor: 53.05
0  0  1.95  53.05  226418.00
Valor: 53.05
0  0  1.95  53.05  229483.00
Valor: 53.05
0  0  1.95  53.05  232522.00
Valor: 53.05
0  0  1.95  53.05  235590.00
Valor: 53.05
0  0  1.95  53.05  238834.00
Valor: 53.05
0  0  1.95  53.05  241949.00
Valor: 53.05
0  0  1.95  53.05  245036.00
Valor: 53.05
0  0  1.95  53.05  248054.00
Valor: 53.05
0  0  1.95  53.05  251148.00
Valor: 53.05
0  0  1.95  53.05  254177.00
Valor: 53.05
0  0  1.95  53.05  257219.00
Valor: 53.05
0  0  1.95  53.05  260337.00
Valor: 53.05
0  0  1.95  53.05  263499.00
Valor: 53.05
0  0  1.95  53.05  266667.00
Valor: 53.05
0  0  1.95  53.05  269959.00
