0  0  0.00  0.00  299.00
Valor: 75.00
0  0  0.00  75.00  1801.00
Valor: 75.26
75.00
74.50
74.00
73.75
73.75
73.25
73.00
72.50
72.25
72.00
71.57
70.75
70.75
70.25
69.50
69.25
69.00
68.75
68.00
67.75
67.50
67.00
66.75
25  -25  -20.26  66.75  4302.00
Valor: 66.26
66.00
65.75
65.25
64.75
64.50
64.25
63.75
63.50
63.25
10  -10  -11.26  63.25  44150.00
Valor: 62.76
62.25
62.00
61.75
61.50
61.00
60.75
60.50
60.25
59.75
59.50
59.25
59.00
12  -12  -7.76  59.00  61272.00
Valor: 58.26
58.00
1  -1  -3.26  58.00  82535.00
Valor: 57.56
57.25
56.75
56.50
56.25
56.00
55.75
7  -7  -2.56  55.75  87067.00
Valor: 55.26
55.00
2  2  -0.26  55.00  99855.00
Valor: 55.56
55.75
55.50
54.75
54.50
5  -5  -0.56  54.50  104439.00
Valor: 54.05
53.50
54.00
3  3  0.95  54.00  114010.00
Valor: 54.26
54.75
54.25
53.75
3  -3  0.74  53.75  119954.00
Valor: 53.26
53.50
3  3  1.74  53.50  127505.00
Valor: 54.05
54.25
53.75
53.50
3  -3  0.95  53.50  132571.00
Valor: 53.26
53.00
53.25
3  3  1.74  53.25  140123.00
Valor: 53.76
54.00
53.50
2  -2  1.24  53.50  146082.00
Valor: 53.05
53.00
3  3  1.95  53.00  152123.00
Valor: 53.55
54.00
1  -1  1.45  54.00  157066.00
Valor: 53.76
53.50
2  2  1.24  53.50  161597.00
Valor: 53.76
54.00
1  -1  1.24  54.00  166179.00
Valor: 53.55
53.50
2  2  1.45  53.50  170711.00
Valor: 54.05
54.00
1  -1  0.95  54.00  175357.00
Valor: 53.76
1  1  1.24  53.76  179889.00
Valor: 53.55
0  0  1.45  53.55  183112.00
Valor: 54.05
0  0  0.95  54.05  185614.00
Valor: 54.05
0  0  0.95  54.05  188320.00
Valor: 54.05
0  0  0.95  54.05  191269.00
Valor: 54.05
0  0  0.95  54.05  194156.00
Valor: 54.05
0  0  0.95  54.05  197319.00
Valor: 54.05
0  0  0.95  54.05  200478.00
Valor: 54.05
0  0  0.95  54.05  203563.00
Valor: 54.05
0  0  0.95  54.05  206649.00
Valor: 54.05
0  0  0.95  54.05  209677.00
Valor: 54.05
0  0  0.95  54.05  212888.00
Valor: 54.00
0  0  1.00  54.00  215945.00
Valor: 54.05
0  0  0.95  54.05  218447.00
