0  0  0.00  0.00  299.00
Valor: 64.25
0  0  0.00  64.25  1801.00
Valor: 64.26
64.00
63.75
63.50
63.26
62.75
62.50
62.25
62.00
61.50
61.25
61.00
11  -11  -9.26  61.00  4302.00
Valor: 60.26
60.00
59.75
59.25
59.25
58.75
58.50
58.25
7  -7  -5.26  58.25  25003.00
Valor: 58.06
57.75
57.25
57.00
56.50
56.25
56.00
6  -6  -3.06  56.00  38594.00
Valor: 55.56
55.25
55.00
54.50
3  -3  -0.56  54.50  50675.00
Valor: 54.26
53.75
53.50
2  -2  0.74  53.50  58227.00
Valor: 53.26
0  0  1.74  53.26  64270.00
Valor: 53.05
0  0  1.95  53.05  66805.00
Valor: 53.05
0  0  1.95  53.05  69844.00
Valor: 53.05
0  0  1.95  53.05  72726.00
Valor: 53.05
0  0  1.95  53.05  75586.00
Valor: 53.05
0  0  1.95  53.05  78427.00
Valor: 53.05
0  0  1.95  53.05  81216.00
Valor: 53.05
0  0  1.95  53.05  84073.00
Valor: 53.05
0  0  1.95  53.05  86909.00
Valor: 53.05
0  0  1.95  53.05  90078.00
