0  0  0.00  0.00  299.00
Valor: 71.75
0  0  0.00  71.75  1801.00
Valor: 71.57
71.57
71.25
71.07
70.57
70.00
69.75
69.25
69.00
68.75
68.25
67.25
66.75
66.50
66.25
66.00
65.50
65.25
64.75
64.50
64.00
63.75
63.50
63.25
62.75
62.76
62.25
62.00
61.50
61.25
60.75
60.50
60.00
59.50
59.50
59.25
39  -41  -16.57  59.25  4302.00
Valor: 59.26
58.50
58.00
57.75
57.25
57.06
56.50
56.25
56.25
55.75
55.25
55.00
54.50
54.25
54.00
53.50
53.25
53.00
52.75
52.50
52.25
52.00
51.55
50.75
50.25
49.50
49.25
49.25
49.25
49.25
49.25
49.25
49.25
49.25
49.25
39  -1158  -4.26  49.25  66042.00
Valor: 49.05
48.55
48.00
47.55
46.75
46.50
46.25
46.00
45.54
45.00
44.75
44.54
43.75
43.50
43.25
43.00
42.75
42.25
41.75
41.50
41.25
40.75
40.50
40.25
40.00
40.00
39  -598  5.95  40.00  126891.00
