0  0  0.00  0.00  1801.00
0  0  0.00  0.00  299.00
Valor: 69.75
0  0  0.00  69.75  1801.00
Valor: 69.76
69.57
68.75
68.25
68.00
67.75
67.25
67.00
66.75
66.25
65.75
65.25
65.00
64.75
64.25
64.00
63.75
63.50
62.75
62.50
62.00
61.76
61.25
60.50
60.25
29  -29  -14.76  60.25  4302.00
Valor: 60.26
60.00
59.25
59.00
58.75
58.50
57.75
57.75
57.50
57.00
10  -10  -5.26  57.00  48090.00
Valor: 56.76
56.25
55.75
2  -2  -1.76  55.75  65212.00
Valor: 55.56
0  0  -0.56  55.56  71255.00
Valor: 55.26
1  1  -0.26  55.26  73758.00
Valor: 55.56
0  0  -0.56  55.56  77255.00
Valor: 55.76
0  0  -0.76  55.76  79757.00
Valor: 55.76
0  0  -0.76  55.76  82552.00
Valor: 55.76
0  0  -0.76  55.76  85580.00
Valor: 55.56
0  0  -0.56  55.56  88735.00
Valor: 55.76
0  0  -0.76  55.76  91895.00
Valor: 55.76
0  0  -0.76  55.76  95069.00
Valor: 55.76
0  0  -0.76  55.76  98095.00
Valor: 55.76
0  0  -0.76  55.76  101035.00
Valor: 55.76
0  0  -0.76  55.76  104030.00
Valor: 55.56
0  0  -0.56  55.56  107126.00
