  0.00  1801.00
0  0  0.00  0.00  299.00
Valor: 64.00
0  0  0.00  64.00  1801.00
Valor: 64.06
63.75
63.50
63.25
63.00
62.75
62.56
62.00
61.50
61.26
61.00
60.75
60.06
59.75
59.50
59.25
58.75
58.25
58.00
58.00
57.50
57.25
57.00
56.50
56.00
25  -25  -9.06  56.00  4302.00
Valor: 55.76
0  0  -0.76  55.76  46727.00
Valor: 55.56
55.25
54.75
54.50
54.00
53.75
53.50
53.00
52.75
52.25
52.00
51.50
51.00
14  -14  -0.56  51.00  49230.00
Valor: 50.75
50.75
51.25
51.50
51.75
52.00
52.50
10  10  4.25  52.50  71552.00
Valor: 52.76
53.00
53.00
52.50
52.25
51.76
51.50
51.25
51.00
50.50
9  -9  2.24  50.50  84017.00
Valor: 50.25
50.25
50.50
51.00
51.25
51.75
52.00
52.25
11  11  4.75  52.25  101617.00
Valor: 52.76
52.50
52.25
51.75
51.50
51.00
50.75
50.50
50.00
9  -9  2.24  50.00  115537.00
Valor: 50.05
49.75
50.00
50.25
50.75
51.00
51.50
51.75
52.00
52.25
12  12  4.95  52.25  131305.00
Valor: 52.55
52.50
52.00
51.50
51.50
51.25
50.75
50.25
50.00
9  -9  2.45  50.00  147488.00
Valor: 49.75
49.75
50.00
50.25
50.75
51.25
51.75
52.00
52.50
13  13  5.25  52.50  163150.00
Valor: 52.76
52.75
52.25
51.75
51.75
51.50
51.00
50.50
50.00
49.75
10  -10  2.24  49.75  178695.00
Valor: 49.55
49.50
50.00
50.25
50.75
51.25
51.50
51.75
52.25
52.25
14  14  5.45  52.25  195988.00
Valor: 52.55
53.00
52.75
52.50
52.25
51.75
51.50
51.25
50.75
50.55
10  -10  2.45  50.55  212896.00
Valor: 50.05
49.50
49.75
50.25
50.50
50.75
51.25
51.50
51.75
52.25
52.50
13  13  4.95  52.50  230943.00
Valor: 52.76
52.75
52.25
52.00
51.50
51.25
51.00
50.50
50.25
50.00
10  -10  2.24  50.00  248483.00
Valor: 49.55
49.50
49.75
50.25
50.50
50.75
51.25
51.75
52.00
52.50
14  14  5.45  52.50  265669.00
Valor: 52.76
52.75
52.50
52.25
52.00
51.55
50.75
50.50
50.25
50.00
10  -10  2.24  50.00  282573.00
Valor: 49.75
49.50
50.00
50.25
50.75
51.00
51.50
51.75
52.25
52.50
14  14  5.25  52.50  300690.00
Valor: 52.76
52.75
52.50
