0  0  0.00  0.00  299.00
0  0  0.00  0.00  1801.00
Valor: 77.26
77.25
77.25
77.08
76.25
75.75
75.50
74.75
74.50
74.00
73.75
73.50
73.25
72.75
72.75
72.00
71.75
71.25
70.75
70.50
70.25
70.00
69.50
69.25
69.07
68.25
67.75
67.50
67.25
66.75
66.50
66.25
65.50
65.25
64.75
64.50
39  -66  -22.26  64.50  3302.00
Valor: 64.06
63.75
63.50
63.25
62.75
62.50
62.00
61.75
61.50
61.00
61.00
60.56
60.25
60.00
59.56
59.00
58.75
58.50
58.25
57.75
57.50
57.25
57.00
56.50
56.25
56.00
55.75
55.25
27  -27  -9.06  55.25  63355.00
Valor: 54.76
54.50
54.75
55.25
55.75
56.00
56.50
56.75
57.00
57.25
57.75
58.25
58.50
59.25
59.25
59.50
59.75
60.00
60.50
60.75
61.00
28  28  0.24  61.00  109063.00
Valor: 61.56
61.50
61.00
60.75
60.50
60.25
60.00
59.56
59.00
58.50
58.25
57.76
57.25
56.76
56.56
55.75
19  -19  -6.56  55.75  142013.00
Valor: 55.56
55.25
55.50
55.75
56.00
56.50
56.75
57.00
57.25
57.50
57.75
58.25
58.50
59.25
59.50
59.75
60.25
60.25
60.75
61.00
25  25  -0.56  61.00  173545.00
Valor: 61.56
61.25
61.00
60.75
60.50
60.25
60.00
59.50
59.25
59.00
58.50
58.25
57.75
57.50
57.25
57.00
56.75
56.50
55.75
55.75
19  -19  -6.56  55.75  204413.00
Valor: 55.26
55.00
55.25
55.75
56.00
56.25
56.50
56.75
57.00
57.50
57.50
58.25
58.50
59.25
59.25
59.50
60.00
60.00
60.50
60.50
60.75
25  25  -0.26  60.75  236271.00
Valor: 61.06
61.25
61.00
60.75
60.50
60.25
60.00
59.50
59.25
58.75
58.25
58.00
57.75
57.50
57.25
56.75
56.50
56.25
17  -17  -6.06  56.25  268138.00
Valor: 55.76
55.50
56.06
56.56
57.00
57.25
57.50
57.75
58.25
58.75
59.25
59.50
60.00
60.00
60.25
60.75
23  23  -0.76  60.75  296828.00
Valor: 61.06
61.25
61.00
60.50
60.25
60.00
59.50
59.25
59.25
58.75
58.25
58.00
57.50
57.25
57.00
56.75
56.50
56.26
17  -17  -6.06  56.26  325896.00
Valor: 55.56
55.50
56.00
56.25
56.75
57.00
57.25
57.25
57.50
58.25
58.50
59.25
59.25
59.50
60.00
60.25
60.50
60.75
23  23  -0.56  60.75  355508.00
Valor: 61.06
61.00
61.06
60.25
60.25
59.50
59.25
59.25
58.50
58.25
57.76
57.25
57.00
56.56
56.00
17  -17  -6.06  56.00  383728.00
Valor: 55.76
55.75
56.00
56.50
56.75
57.25
57.50
57.75
58.00
58.50
58.75
59.25
59.50
60.00
22  22  -0.76  60.00  412285.00
Valor: 61.06
61.00
60.75
60.50
60.25
60.00
59.50
59.25
58.75
58.50
57.75
57.50
57.50
57.25
57.06
56.50
56.25
55.75
17  -17  -6.06  55.75  436071.00
Valor: 55.56
55.50
55.75
56.00
56.25
56.50
56.75
57.00
57.25
57.50
57.50
58.25
58.50
59.00
59.25
59.50
60.00
60.00
60.50
22  22  -0.56  60.50  466096.00
Valor: 60.76
60.56
60.25
60.00
59.25
59.25
59.00
58.50
58.25
57.75
57.50
57.25
57.00
56.75
56.50
56.06
16  -16  -5.76  56.06  494881.00
Valor: 55.56
55.50
55.75
56.25
56.50
56.75
57.00
57.25
57.50
58.00
58.50
58.75
59.25
59.50
60.00
60.25
60.25
22  22  -0.56  60.25  523066.00
Valor: 60.76
60.75
60.56
60.00
59.75
59.25
59.25
58.76
58.06
57.25
57.06
56.75
56.25
55.75
16  -16  -5.76  55.75  549851.00
Valor: 55.56
55.75
55.75
56.25
56.50
56.75
57.25
57.50
57.75
58.25
58.50
59.00
59.25
59.50
60.00
60.25
60.25
22  22  -0.56  60.25  577941.00
Valor: 60.76
60.75
60.75
60.25
60.25
59.75
59.50
59.25
58.75
58.25
58.00
57.76
57.25
57.00
57.00
56.50
56.00
16  -16  -5.76  56.00  604724.00
Valor: 55.76
55.75
56.00
56.50
56.75
56.75
57.25
57.25
57.50
58.00
58.25
58.50
59.25
59.50
59.75
60.00
60.25
21  21  -0.76  60.25  632893.00
Valor: 60.56
60.75
60.50
60.25
60.26
59.50
59.25
58.75
58.50
58.00
57.50
57.25
57.25
57.00
56.75
56.25
15  -15  -5.56  56.25  659318.00
Valor: 56.06
55.75
56.00
56.50
56.75
57.00
57.25
57.50
57.75
58.00
58.50
59.25
59.25
59.50
60.00
60.00
20  20  -1.06  60.00  685940.00
Valor: 60.56
60.75
60.56
60.25
60.00
59.50
59.25
59.06
58.25
57.75
57.50
57.50
57.25
57.00
56.75
56.50
15  -15  -5.56  56.50  711001.00
Valor: 56.06
55.75
56.25
56.50
56.75
57.00
57.25
57.50
57.75
58.00
58.50
59.00
59.25
59.50
60.00
60.25
20  20  -1.06  60.25  738460.00
Valor: 60.56
60.50
60.50
60.06
59.75
59.50
59.25
58.75
58.50
58.00
57.50
57.50
57.00
56.75
56.56
56.00
15  -15  -5.56  56.00  764360.00
Valor: 55.76
55.50
55.75
56.00
56.50
56.75
57.00
57.25
57.25
57.50
57.75
58.25
58.75
59.00
59.25
59.75
60.00
60.25
20  20  -0.76  60.25  792934.00
Valor: 60.56
60.50
60.25
60.00
59.50
59.25
