0  0  0.00  0.00  299.00
Valor: 76.50
0  0  0.00  76.50  1801.00
Valor: 76.25
76.25
75.50
75.00
74.75
74.50
74.00
73.75
73.50
73.25
72.75
72.57
71.75
71.00
71.00
70.50
70.25
70.00
69.75
69.25
69.00
68.50
68.25
67.75
67.50
67.25
66.75
66.50
66.00
65.75
65.50
65.00
64.50
64.00
63.75
63.75
63.50
39  -85  -21.25  63.50  4302.00
Valor: 63.26
63.00
62.50
62.00
61.75
61.25
61.00
60.76
60.50
60.00
59.50
59.25
58.50
58.25
57.50
57.50
57.25
57.00
56.75
56.25
55.75
55.25
55.00
54.25
54.00
54.00
53.50
53.25
52.75
52.25
33  -33  -8.26  52.25  64208.00
Valor: 52.05
51.75
52.00
52.50
53.00
53.50
53.75
54.00
54.25
54.75
55.25
55.50
56.00
56.50
57.00
57.25
57.25
57.50
58.00
58.50
59.00
59.50
60.00
60.25
60.50
39  57  2.95  60.50  114016.00
Valor: 61.06
61.00
60.75
60.50
60.50
60.25
60.00
59.25
58.75
58.25
57.75
57.75
57.50
57.25
57.00
56.75
56.50
56.00
55.50
55.25
54.75
54.25
54.00
24  -24  -6.06  54.00  154923.00
Valor: 53.76
53.50
53.75
54.00
54.25
54.50
55.00
55.50
56.00
56.50
56.75
57.00
57.50
57.50
58.00
58.50
58.75
59.25
59.75
60.25
60.50
60.75
32  32  1.24  60.75  192183.00
Valor: 61.26
61.00
60.75
60.50
60.25
60.00
59.25
58.75
58.25
58.00
57.50
57.25
57.00
57.00
56.50
56.00
55.75
55.25
54.75
54.25
54.00
53.75
24  -24  -6.26  53.75  227568.00
Valor: 53.55
53.25
53.50
54.00
54.25
54.50
55.00
55.25
55.75
56.25
56.50
57.00
57.25
57.50
57.50
57.75
58.50
58.75
59.25
59.50
60.00
60.25
60.50
60.75
32  32  1.45  60.75  264076.00
Valor: 61.06
61.00
60.50
60.50
60.00
59.75
59.25
59.00
58.50
58.25
57.75
57.50
57.26
57.00
56.75
56.25
55.75
55.25
55.00
54.50
54.25
54.00
23  -23  -6.06  54.00  301466.00
Valor: 53.76
53.50
53.75
54.00
54.25
54.75
55.25
55.75
56.00
56.50
56.75
57.00
57.25
57.50
58.00
58.25
58.75
59.25
59.50
60.00
60.50
60.75
31  31  1.24  60.75  338203.00
Valor: 61.06
61.00
60.50
60.25
60.00
59.75
59.50
59.00
58.75
58.00
57.75
57.50
57.25
57.00
56.50
56.00
55.75
55.25
54.75
54.25
54.25
54.00
23  -23  -6.06  54.00  373232.00
Valor: 53.76
53.75
53.75
54.25
54.50
55.00
55.25
55.75
56.25
56.50
57.00
57.25
57.50
57.75
58.25
58.75
59.25
59.50
60.00
60.25
60.75
31  31  1.24  60.75  409230.00
Valor: 61.06
61.00
60.75
60.50
60.25
59.75
59.50
59.00
58.50
58.00
57.75
57.50
57.25
57.00
56.50
56.25
55.50
55.25
54.75
54.50
54.25
54.00
23  -23  -6.06  54.00  443256.00
Valor: 53.76
53.50
53.75
54.00
54.25
54.50
55.00
55.50
56.00
56.25
56.75
57.00
57.25
57.50
57.75
58.00
58.50
59.25
59.50
59.75
60.25
60.50
60.75
31  31  1.24  60.75  479006.00
Valor: 61.06
61.00
60.56
60.25
59.75
59.25
59.00
58.75
58.25
57.75
57.50
57.56
57.00
56.75
56.50
56.00
55.75
55.25
55.00
54.50
54.25
54.00
23  -23  -6.06  54.00  515033.00
Valor: 53.76
53.50
53.75
54.00
54.25
54.50
55.00
55.75
56.00
56.50
56.75
57.00
57.50
57.50
58.00
58.50
59.00
59.50
59.75
60.25
60.50
60.75
31  31  1.24  60.75  552767.00
Valor: 61.06
61.06
60.50
