00  0.00  6964.00
0  0  0  0.00  0.00  299.00
0  0  0  0.00  0.00  1801.00
Valor: 76.76
76.50
76.00
2  -2  -2  -21.76  76.00  3302.00
Valor: 75.76
75.50
75.00
74.25
74.00
73.75
6  -6  -6  -20.76  73.75  9854.00
Valor: 73.26
72.75
72.50
71.75
71.50
70.75
70.50
70.25
9  -9  -9  -18.26  70.25  20937.00
Valor: 70.07
69.75
69.25
69.00
68.50
68.00
67.75
67.50
67.25
66.75
66.75
66.25
66.00
12  -12  -12  -15.07  66.00  35559.00
Valor: 65.56
65.00
64.75
64.50
64.00
63.75
63.50
63.00
62.50
62.00
61.75
61.25
61.00
14  -14  -14  -10.56  61.00  56701.00
Valor: 60.76
60.25
60.00
59.56
59.25
58.75
58.25
57.75
57.50
57.25
57.00
56.50
56.00
55.75
15  -15  -15  -5.76  55.75  78863.00
Valor: 55.26
55.05
54.25
53.75
53.50
53.25
53.00
52.75
52.00
51.75
51.25
51.00
50.50
15  -15  -15  -0.26  50.50  103530.00
Valor: 50.55
49.75
49.50
49.00
48.50
48.25
48.00
47.50
47.25
47.05
46.00
45.50
14  -14  -14  4.45  45.50  127166.00
Valor: 45.25
45.00
44.50
44.25
44.25
44.00
43.50
43.00
42.75
42.00
41.75
41.50
12  -12  -12  9.75  41.50  149318.00
Valor: 41.25
40.75
40.75
41.25
41.25
9  -9  -9  13.75  41.25  169459.00
6  -6  -6  13.75  41.25  181071.00
3  -3  -3  13.75  41.25  186153.00
0  0  0  13.75  41.25  189706.00
2  2  2  13.75  41.25  191207.00
4  4  4  13.75  41.25  193789.00
6  6  6  13.75  41.25  197092.00
8  8  8  13.75  41.25  201114.00
