.00  0.00  1801.00
0  0  0.00  0.00  299.00
0  0  0.00  0.00  1801.00
Valor: 69.07
69.00
69.00
67.50
67.00
66.75
66.50
66.26
65.75
65.56
65.00
64.75
14  -14  -14.07  64.75  3302.00
Valor: 64.26
64.00
63.75
63.50
63.25
63.00
62.50
62.25
61.75
61.50
61.00
60.75
60.50
60.25
59.75
59.25
59.00
58.50
58.25
57.75
57.50
57.25
57.00
56.75
56.25
56.00
55.75
55.25
55.00
54.50
54.00
54.00
53.75
53.50
53.00
52.75
52.50
37  -37  -9.26  52.50  26719.00
Valor: 52.05
51.50
51.00
50.75
50.50
50.25
49.75
49.25
49.05
48.00
47.75
47.50
47.25
46.75
46.00
45.75
45.25
45.00
44.75
44.50
44.25
44.00
43.75
43.25
42.75
42.25
41.75
41.50
41.25
41.00
41.00
40.75
40.75
41.50
39  -43  2.95  41.50  84610.00
22  -22  13.50  41.50  142427.00
