0  0.00  1801.00
0  0  0  0.00  0.00  299.00
Valor: 71.00
0  0  0  0.00  71.00  1801.00
Valor: 71.07
70.75
70.25
70.00
69.75
69.25
69.00
68.75
68.26
67.75
67.50
67.25
67.00
67.00
66.50
66.25
65.75
65.50
65.00
64.50
64.00
64.00
63.75
63.50
63.00
62.75
62.50
62.00
61.75
61.25
61.00
60.50
32  -32  -32  -16.07  60.50  4302.00
Valor: 60.26
60.00
59.50
59.25
59.00
58.50
58.00
57.75
57.50
57.25
57.00
56.50
56.25
55.75
55.50
55.25
54.75
54.25
54.00
53.75
53.50
53.00
52.75
52.50
52.00
51.50
51.00
50.75
50.50
50.25
49.75
49.25
48.75
48.50
48.00
47.75
39  -74  -39  -5.26  47.75  55885.00
Valor: 47.55
47.25
46.75
46.00
45.75
45.25
44.75
44.50
44.25
44.00
43.75
43.25
42.75
42.25
42.00
41.50
41.25
41.00
40.75
40.75
40.75
41.50
88.25
34  -34  -34  7.45  88.25  113797.00
88.50
88.50
88.50
